YWAR.CLIM1	YWAR.CLIM17	YWAR.CLIM9	YWAR.LAT14	YWAR.LAT29	YWAR.LAT36	YWAR.LAT44	YWAR.LAT59	YWAR.CLIM10	YWAR.CLIM18	YWAR.LAT1	YWAR.LAT22	YWAR.LAT3	YWAR.LAT37	YWAR.LAT45	YWAR.LAT52	YWAR.LAT6	YWAR.LAT67	YWAR.CLIM11	YWAR.CLIM2	YWAR.LAT10	YWAR.LAT107	YWAR.LAT16	YWAR.LAT23	YWAR.LAT39	YWAR.LAT46	YWAR.LAT53	YWAR.LAT60	YWAR.LAT68	YWAR.CLIM12	YWAR.CLIM3	YWAR.LAT100	YWAR.LAT108	YWAR.LAT17	YWAR.LAT31	YWAR.LAT4	YWAR.LAT47	YWAR.LAT54	YWAR.LAT61	YWAR.CLIM13	YWAR.CLIM4	YWAR.LAT101	YWAR.LAT109	YWAR.LAT18	YWAR.LAT25	YWAR.LAT32	YWAR.LAT40	YWAR.LAT55	YWAR.LAT62	YWAR.LAT7	YWAR.CLIM14	YWAR.CLIM5	YWAR.LAT102	YWAR.LAT11	YWAR.LAT19	YWAR.LAT26	YWAR.LAT33	YWAR.LAT41	YWAR.LAT49	YWAR.LAT63	YWAR.LAT70	YWAR.CLIM15	YWAR.CLIM6	YWAR.LAT12	YWAR.LAT2	YWAR.LAT27	YWAR.LAT34	YWAR.LAT42	YWAR.LAT5	YWAR.LAT57	YWAR.LAT64	YWAR.LAT71	YWAR.CLIM16	YWAR.CLIM7	YWAR.LAT104	YWAR.LAT13	YWAR.LAT28	YWAR.LAT50	YWAR.LAT65	YWAR.LAT72	YWAR.LAT74	YWAR.LAT81	YWAR.LAT96	YWAR.LONG14	YWAR.LONG22	YWAR.LONG30	YWAR.LONG38	YWAR.LONG45	YWAR.LONG6	YWAR.LONG67	YWAR.LAT75	YWAR.LAT82	YWAR.LAT9	YWAR.LAT97	YWAR.LONG15	YWAR.LONG24	YWAR.LONG31	YWAR.LONG46	YWAR.LONG53	YWAR.LONG68	YWAR.LAT76	YWAR.LAT83	YWAR.LAT98	YWAR.LONG25	YWAR.LONG32	YWAR.LONG47	YWAR.LONG54	YWAR.LONG61	YWAR.LONG7	YWAR.LAT77	YWAR.LAT84	YWAR.LAT91	YWAR.LAT99	YWAR.LONG17	YWAR.LONG26	YWAR.LONG33	YWAR.LONG40	YWAR.LONG48	YWAR.LONG55	YWAR.LONG62	YWAR.LONG70	YWAR.LAT78	YWAR.LAT92	YWAR.LONG19	YWAR.LONG27	YWAR.LONG34	YWAR.LONG49	YWAR.LONG63	YWAR.LONG71	YWAR.LAT79	YWAR.LAT93	YWAR.LONG11	YWAR.LONG28	YWAR.LONG35	YWAR.LONG42	YWAR.LONG5	YWAR.LONG64	YWAR.LONG72	YWAR.LAT8	YWAR.LAT87	YWAR.LAT94	YWAR.LONG12	YWAR.LONG20	YWAR.LONG29	YWAR.LONG36	YWAR.LONG43	YWAR.LONG50	YWAR.LONG8	YWAR.LAT80	YWAR.LAT88	YWAR.LAT95	YWAR.LONG13	YWAR.LONG3	YWAR.LONG37	YWAR.LONG59	YWAR.LONG66	YWAR.LONG9
96N0117	0	0	0	1	0	0	0	1	0	1	1	0	0	1	2	0	1	0	0	0	1	0	0	1	1	2	1	0	2	0	0	0	1	0	0	1	1	2	0	1	0	0	1	0	1	1	1	2	1	1	1	0	0	0	2	1	2	0	0	0	0	1	1	1	1	1	2	1	0	0	0	0	2	1	1	1	0	1	0	1	1	2	0	0	0	1	2	0	0	0	0	0	1	0	1	0	1	0	0	0	0	0	0	0	0	0	0	1	0	0	0	0	0	0	1	0	0	0	0	1	NA	0	2	0	1	0	0	0	0	1	0	1	0	0	0	1	1	1	1	0	0	0	0	2	0	1	0	0	NA	0	0	0	2	0	0	1	NA
97N6723	0	0	2	0	0	1	0	1	0	1	1	0	0	0	2	2	0	0	NA	2	0	0	0	0	0	0	0	0	1	1	2	0	2	0	0	0	0	0	1	0	0	0	0	1	1	0	1	1	0	0	0	0	0	0	1	2	1	0	1	0	0	1	0	0	1	1	1	0	0	0	1	0	1	0	1	0	NA	1	1	0	NA	1	0	1	0	NA	2	0	0	1	0	0	1	NA	1	0	0	0	0	0	0	0	0	NA	0	0	0	0	0	1	0	0	0	0	0	0	NA	0	0	0	NA	0	1	NA	0	0	0	0	0	1	0	0	0	NA	1	0	1	NA	0	NA	0	0	0	1	0	0	0	0	NA	0	0	0	1	0	0	0	NA
97N5321	0	0	1	0	0	0	0	0	0	1	2	0	0	0	1	1	1	0	1	0	0	0	0	0	0	0	1	1	2	1	2	0	2	2	0	0	0	1	2	0	0	1	0	0	2	1	1	1	0	2	0	0	0	0	2	1	2	0	0	0	0	1	0	0	0	1	2	0	1	0	0	1	2	1	0	0	2	2	0	0	1	2	1	0	0	0	2	0	1	1	0	1	0	0	1	0	1	0	1	1	0	0	0	0	0	1	0	0	0	0	0	1	0	0	0	0	0	1	0	1	0	2	0	0	1	0	0	0	0	0	1	0	0	0	0	0	0	2	0	0	0	0	0	0	0	0	0	0	2	0	1	0	0	0	0	0	0
97N5322	0	0	1	0	0	1	0	1	0	0	2	0	1	1	2	NA	0	0	1	0	0	0	0	0	0	1	0	1	1	1	1	0	2	1	0	0	0	0	1	1	1	0	0	0	2	0	0	0	0	2	1	0	1	1	2	0	1	0	0	0	1	0	0	0	0	1	1	0	0	0	0	0	2	0	1	0	2	0	0	0	0	2	1	0	0	0	2	0	0	0	0	2	0	0	1	0	0	0	0	0	0	1	0	0	0	0	1	0	0	0	0	1	0	0	0	0	0	1	0	0	0	0	1	0	0	0	0	0	0	2	0	0	0	0	0	0	1	2	0	0	0	0	0	0	0	0	0	0	0	0	0	0	1	0	0	1	0
97N5323	0	0	2	0	0	0	0	1	0	0	1	0	0	0	1	0	1	0	2	0	0	0	0	1	0	0	0	0	1	1	1	0	1	0	1	1	0	1	1	0	0	0	1	1	1	0	1	1	0	1	1	0	0	1	2	1	2	0	0	1	0	0	0	1	1	0	2	0	0	0	1	0	2	0	1	1	1	2	0	0	0	2	1	0	0	0	2	0	2	1	0	0	0	0	2	0	0	0	1	0	0	1	0	0	0	1	1	0	0	1	0	1	1	0	0	0	0	1	0	2	0	1	2	0	0	1	0	0	0	1	1	0	0	0	0	0	1	1	1	0	0	0	1	0	0	0	1	0	0	0	0	1	1	1	0	1	0
97N5324	NA	NA	2	0	0	0	0	2	0	1	2	0	2	0	0	0	NA	0	2	0	0	1	0	0	0	0	0	1	2	NA	NA	0	2	0	0	0	0	2	1	1	0	NA	0	2	1	0	1	0	0	2	0	1	0	1	NA	NA	1	0	1	0	0	0	0	0	0	NA	1	0	0	NA	0	2	2	0	1	0	2	0	0	0	0	2	2	0	0	0	2	0	1	1	1	0	1	0	0	0	0	0	0	1	0	0	0	0	0	0	0	1	0	1	0	0	0	0	0	0	0	0	0	1	NA	0	1	0	0	0	0	0	0	1	1	0	0	0	1	0	2	2	0	0	0	0	0	0	0	2	0	0	1	1	0	0	1	0	0	1	0
97N5325	0	2	2	0	2	0	0	0	1	1	2	0	0	0	2	0	1	0	1	0	0	1	0	0	1	0	1	0	1	0	1	0	2	1	0	0	0	2	1	1	1	1	1	0	2	1	1	1	0	1	1	0	1	0	0	2	2	0	0	0	0	0	0	0	0	0	2	0	0	1	0	1	2	1	1	0	1	0	0	0	0	2	0	0	0	0	2	0	0	0	2	0	0	0	2	0	0	0	0	0	0	2	0	0	0	0	0	0	0	0	0	2	1	0	1	0	0	0	0	2	1	0	2	0	0	0	0	0	0	2	0	0	0	0	0	0	2	2	0	0	0	0	0	0	0	0	0	0	2	2	0	0	1	0	0	0	0
97N5327	0	NA	2	0	0	0	0	0	1	1	1	0	0	0	0	1	2	0	0	2	0	0	0	2	1	0	1	0	2	0	0	0	2	0	1	1	1	1	0	0	1	0	0	0	1	0	0	1	0	0	0	1	2	1	1	1	2	0	0	0	1	1	0	1	1	0	2	0	0	0	0	1	2	0	1	2	0	0	0	0	0	2	0	0	0	0	2	0	2	2	1	1	0	0	0	0	2	0	0	0	0	0	0	0	0	1	1	0	0	0	0	0	0	0	0	0	0	0	0	2	0	1	2	0	2	0	0	0	0	2	0	0	0	0	0	0	1	1	1	0	0	0	0	0	0	1	0	0	0	0	0	0	2	0	0	0	0
97N5328	0	0	1	1	0	0	0	1	1	1	1	0	0	0	2	2	1	0	2	0	1	0	0	1	0	0	0	0	0	0	1	0	2	0	0	1	0	1	1	0	0	1	0	0	1	0	1	1	0	0	2	0	1	0	2	1	2	1	0	0	0	0	0	1	1	0	2	1	1	1	0	0	1	0	1	1	2	0	1	0	1	2	0	1	0	0	2	0	1	0	0	0	0	0	0	0	0	0	1	0	0	0	0	0	0	0	0	0	0	0	0	1	0	0	0	0	0	0	0	2	0	1	2	2	0	0	0	0	0	1	0	0	0	0	0	0	0	1	1	0	0	0	1	0	1	0	0	1	1	0	0	0	2	1	1	0	0
97N5329	0	0	1	0	0	0	0	0	0	0	1	0	1	0	1	0	0	0	0	2	0	0	0	1	0	0	0	0	2	1	1	NA	2	1	0	1	0	1	0	1	2	0	1	1	0	0	1	1	0	1	1	0	0	0	2	0	1	0	0	0	0	0	0	1	1	0	1	1	0	0	1	0	1	0	1	1	1	0	0	0	0	2	1	0	0	0	2	0	2	1	1	1	0	0	0	0	1	0	0	0	0	0	1	0	0	0	0	0	0	0	0	1	0	0	1	0	0	0	0	2	0	0	2	0	1	0	0	0	0	1	1	0	1	0	0	0	1	1	1	1	0	0	0	0	0	1	0	0	0	0	0	0	0	0	0	0	0
97N5330	1	NA	0	0	0	0	0	0	0	1	2	0	1	1	NA	2	1	0	1	0	0	0	0	0	2	0	0	0	2	0	0	2	2	1	1	0	0	0	0	1	0	0	0	0	2	0	1	1	0	2	1	0	0	0	2	1	2	0	0	0	0	1	0	0	0	0	2	0	0	2	1	0	1	0	0	0	1	1	0	0	0	2	1	0	0	0	2	0	1	0	0	0	0	0	1	0	1	0	1	0	0	0	0	0	0	1	0	0	0	1	0	2	0	0	0	0	0	0	0	2	0	1	1	0	1	0	0	0	0	2	1	0	0	0	0	0	0	2	0	0	0	0	0	0	0	0	0	2	1	0	1	0	2	1	0	0	0
97N5331	0	NA	NA	NA	0	2	0	0	0	1	2	0	0	0	2	2	NA	NA	2	2	0	0	NA	2	0	0	2	0	2	2	1	0	NA	1	0	1	0	0	0	2	2	NA	1	0	1	NA	2	0	0	1	0	0	2	0	2	NA	2	0	0	0	0	0	0	2	NA	0	2	0	0	NA	0	1	2	0	0	1	NA	0	0	0	1	1	2	0	0	0	2	0	0	0	0	1	1	0	0	0	0	0	0	0	0	1	0	0	0	1	1	0	0	0	1	0	0	0	0	0	0	0	0	2	0	0	1	0	0	0	0	0	0	2	1	0	0	0	1	0	1	1	1	0	0	0	1	0	0	0	0	0	0	1	1	0	1	0	0	0	0
07N13314	0	0	1	0	0	0	0	0	0	1	2	0	0	0	2	0	1	0	1	0	0	0	1	0	0	0	0	1	1	1	1	0	2	1	0	0	0	1	0	1	0	0	0	0	0	0	1	0	0	0	0	2	0	0	0	2	1	0	0	0	0	1	0	0	0	0	1	0	0	0	0	0	1	0	0	0	0	1	0	0	0	2	0	0	0	0	2	0	0	0	1	1	0	0	0	0	0	0	0	0	0	0	0	0	0	1	2	0	0	0	0	0	0	0	0	0	0	0	0	2	0	0	0	0	0	0	0	0	1	1	0	0	0	0	0	0	1	2	0	0	0	0	0	0	0	0	0	0	0	0	0	0	0	0	0	0	0
07N13315	0	0	0	0	0	0	0	0	0	0	2	0	1	0	2	1	0	0	0	0	0	0	0	0	0	0	0	0	0	0	0	0	1	2	0	0	0	2	0	0	0	0	0	0	1	0	1	0	0	1	1	0	0	0	0	0	2	0	0	0	0	0	0	0	0	0	2	0	0	0	0	0	2	1	0	0	0	0	0	1	0	2	0	0	0	0	2	0	0	2	0	0	0	0	0	0	0	0	0	0	0	0	0	0	0	1	2	0	0	0	0	0	0	0	0	0	0	0	0	2	0	0	2	0	0	0	1	0	1	1	0	0	0	0	0	0	1	2	0	0	0	0	0	0	0	0	0	0	1	0	0	0	0	0	0	0	0
07N13316	0	1	0	0	1	0	0	0	1	0	2	0	0	0	2	NA	0	0	0	0	0	0	0	0	0	0	0	1	2	1	2	0	2	0	1	0	0	2	0	1	0	0	0	0	0	1	0	0	0	0	1	0	0	0	1	0	2	0	0	0	0	0	0	0	0	0	2	0	0	0	0	0	2	1	2	0	0	0	1	0	0	2	0	0	0	0	2	2	0	1	1	1	0	0	0	0	0	0	0	0	0	0	1	0	0	0	1	1	0	0	0	0	0	0	0	0	0	1	0	2	0	0	0	0	0	0	0	0	0	2	1	0	0	0	1	1	1	2	0	0	0	0	0	0	0	0	0	0	0	0	0	1	0	0	0	1	0
07N13317	0	0	1	0	0	0	0	0	0	0	2	0	0	0	2	NA	0	0	0	0	0	0	0	0	0	0	0	0	1	0	0	0	2	1	0	0	0	2	1	1	0	0	1	0	1	0	1	0	0	1	1	0	0	0	0	0	2	0	0	0	0	0	0	0	0	0	2	0	0	0	0	0	2	1	0	0	0	0	0	0	0	2	0	0	0	0	2	0	0	2	0	0	0	0	0	0	0	0	0	0	0	0	0	0	0	1	2	0	0	0	0	0	0	0	0	0	0	0	0	1	0	0	2	0	0	0	0	0	1	1	0	0	0	0	0	0	0	2	0	0	0	0	0	0	0	0	0	0	1	1	0	1	0	0	0	0	0
07N13545	0	0	2	1	0	0	0	0	1	0	1	0	0	0	2	0	1	0	0	0	1	0	0	0	0	0	0	0	2	1	1	0	1	0	1	0	0	1	0	0	0	0	0	0	0	0	1	0	0	1	0	0	1	0	0	0	2	0	0	0	0	0	1	0	0	0	2	1	0	0	0	0	1	0	0	0	0	0	0	0	0	2	0	0	0	0	2	0	0	2	0	2	0	1	0	0	0	1	0	1	0	1	0	0	0	1	2	0	0	0	0	1	1	0	0	0	0	0	0	2	0	0	0	0	0	0	1	0	1	1	1	0	0	0	0	0	0	2	0	0	0	0	0	0	0	0	0	0	0	0	0	0	0	0	0	1	0
07N13546	0	0	1	0	0	0	1	1	0	0	2	0	0	0	1	2	1	0	1	0	0	0	0	0	0	0	0	0	1	2	0	0	2	0	0	0	0	1	0	0	0	0	0	0	0	0	1	0	0	0	0	0	1	0	0	1	0	0	0	0	0	0	0	0	0	0	0	0	0	1	0	0	1	0	0	1	0	0	0	0	0	1	0	0	0	0	2	0	0	0	0	0	0	0	0	0	0	0	1	0	0	0	1	0	0	1	2	0	1	0	0	0	0	0	0	0	0	0	0	2	0	0	0	0	0	0	0	0	1	0	2	0	0	0	0	0	1	2	0	0	0	0	0	0	0	0	0	1	1	0	0	1	0	0	0	1	0
07N13547	1	0	1	0	0	0	0	0	0	1	1	0	0	0	2	0	0	0	1	0	0	0	0	0	0	0	0	1	2	1	1	0	2	1	0	0	0	1	0	0	0	0	0	1	0	0	1	1	0	0	0	2	0	0	0	1	1	0	0	1	0	0	2	0	0	0	1	0	1	0	0	0	0	0	0	1	0	0	2	0	0	2	0	0	0	0	2	0	0	2	0	1	0	0	0	0	0	0	0	0	0	0	0	0	0	1	1	0	0	0	0	0	1	0	0	0	0	0	0	2	0	0	0	0	0	0	0	0	0	0	1	0	0	0	1	0	0	1	0	1	0	0	0	0	0	0	0	0	0	1	0	1	0	0	0	1	0
07N13548	0	0	1	0	0	0	0	0	0	0	1	2	0	0	2	0	0	0	0	0	0	0	0	0	1	0	0	1	0	1	0	0	1	1	0	0	0	1	0	0	0	0	0	0	1	0	1	1	0	1	1	1	0	0	0	0	1	0	0	1	0	2	1	0	0	0	1	0	0	1	0	0	1	0	1	0	1	0	0	1	0	2	0	0	0	0	2	0	0	1	1	0	0	1	0	0	0	0	1	0	0	0	0	0	0	1	0	0	0	0	0	0	0	0	0	0	0	0	0	2	0	0	0	0	0	0	0	0	0	1	1	0	1	0	1	0	1	2	0	0	0	0	0	0	0	0	0	1	0	0	0	0	0	0	0	1	0
05N4604	0	0	2	0	1	0	0	0	0	0	1	0	0	0	0	NA	1	0	1	0	0	0	0	1	0	0	1	0	1	1	1	0	2	0	0	0	0	1	0	0	0	0	0	0	1	0	1	1	0	1	0	0	0	0	1	1	2	0	1	0	0	0	1	1	1	0	2	0	0	0	0	0	1	0	0	1	1	0	1	0	0	0	0	0	0	0	2	0	0	1	0	0	0	0	0	0	1	0	0	0	0	0	0	0	0	0	1	0	0	0	0	0	1	0	0	0	0	0	0	2	0	0	0	0	1	0	0	0	0	2	1	0	0	0	0	0	0	1	1	0	0	0	0	0	0	0	0	0	2	1	0	1	0	0	2	1	0
05N4605	0	0	1	0	0	0	0	0	0	0	2	0	0	0	2	1	0	0	2	0	0	0	0	0	0	0	0	0	0	1	1	0	2	1	0	0	0	1	0	0	0	0	0	1	0	1	1	1	0	1	0	0	0	0	0	0	1	0	0	0	0	0	1	0	0	0	1	0	0	0	0	0	1	1	0	0	0	0	0	0	0	1	0	0	0	0	2	0	0	0	0	1	0	1	0	0	0	0	0	0	0	0	0	0	1	1	0	0	0	1	1	0	0	0	0	0	0	1	0	2	0	0	0	1	0	0	0	0	0	1	0	0	0	0	1	0	0	2	0	0	0	0	0	0	0	0	0	0	0	1	0	1	0	0	0	0	0
05N4607	1	0	2	0	0	0	0	0	0	1	1	0	0	0	2	2	0	0	1	0	0	0	0	1	1	0	0	0	2	1	1	0	1	0	0	1	0	1	0	0	1	0	0	1	1	0	1	0	0	1	0	0	0	0	1	0	1	0	0	0	0	1	1	1	1	0	2	0	0	0	0	0	2	0	0	1	1	0	0	0	0	1	0	0	0	0	2	0	0	1	1	1	0	0	1	0	0	0	0	0	0	0	0	0	0	0	1	0	0	1	1	0	0	1	0	0	0	1	0	2	0	2	0	0	0	0	0	0	0	1	1	0	1	0	0	0	0	1	1	0	0	0	0	0	0	0	0	0	0	0	0	0	0	0	0	0	0
05N4608	2	1	1	0	0	0	0	0	0	0	2	0	0	0	0	NA	0	0	2	0	0	0	1	1	0	0	0	0	2	1	2	0	2	0	0	0	0	0	0	1	0	0	0	0	1	0	0	0	0	1	1	0	0	0	0	0	1	1	1	0	0	0	0	0	0	0	1	0	0	0	1	0	2	1	0	0	0	0	1	0	0	0	0	0	0	0	2	0	0	0	0	1	0	0	0	0	0	0	0	0	0	1	1	0	0	1	1	1	0	0	0	0	0	0	0	0	0	1	0	1	1	1	2	0	0	0	0	0	0	2	1	0	0	0	1	0	0	1	0	0	0	0	0	0	0	1	0	0	0	0	0	0	0	0	0	1	0
05N4610	1	0	1	0	2	0	0	1	0	1	1	0	0	0	0	2	0	0	2	0	0	0	0	0	0	2	0	0	1	2	0	0	2	0	0	1	0	2	0	0	0	0	0	0	1	0	1	0	0	1	0	0	0	0	1	0	2	0	1	0	0	1	1	0	1	0	2	0	0	0	0	0	1	0	0	1	1	0	1	0	NA	0	0	1	0	NA	2	NA	0	NA	NA	0	0	NA	NA	0	2	0	0	0	0	0	0	NA	0	0	0	0	NA	0	0	0	1	0	0	0	0	0	NA	2	0	0	0	0	0	0	NA	0	0	2	0	0	0	NA	0	0	0	NA	NA	0	NA	0	0	0	0	0	NA	0	NA	1	NA	1	0	0	0	1	NA
05N4624	1	0	0	0	0	0	0	0	1	1	2	2	0	0	2	1	1	0	0	0	0	0	0	0	0	0	0	0	0	1	0	0	2	0	0	0	0	1	0	1	0	0	0	0	1	0	1	1	0	0	0	1	0	0	0	1	2	0	0	0	0	0	0	0	0	0	2	0	0	0	0	0	2	2	1	0	0	1	1	0	0	1	0	0	0	0	1	0	0	2	1	0	0	0	0	0	0	0	0	0	2	0	0	0	0	1	1	0	0	1	0	0	0	0	0	0	0	0	0	2	0	0	0	0	0	0	0	0	0	1	1	0	0	0	0	0	1	2	0	0	0	0	0	0	0	0	0	0	1	0	0	0	0	0	0	1	0
05N4625	1	0	0	0	1	0	0	0	0	2	1	2	0	0	0	0	0	0	1	0	1	0	0	1	0	0	0	2	1	0	2	0	1	0	1	1	0	1	0	0	0	0	0	0	0	0	1	2	0	1	0	0	0	0	0	1	1	2	0	0	0	0	1	1	1	0	1	0	0	0	1	1	2	0	1	1	0	0	0	0	0	2	0	0	0	0	2	0	0	1	0	1	0	0	0	0	0	1	0	0	0	0	0	0	0	0	1	0	0	0	0	0	0	0	0	0	0	0	0	2	0	0	0	0	0	0	0	0	0	1	0	0	0	0	0	0	1	1	1	0	0	0	0	0	1	0	0	0	1	0	0	0	0	0	0	1	0
05N4627	1	0	2	0	0	0	0	1	0	0	2	2	0	2	2	0	1	0	0	0	0	0	0	0	0	1	0	0	2	2	NA	0	1	0	0	0	0	1	0	2	0	0	0	0	0	0	1	0	0	0	0	2	0	0	0	1	0	1	0	0	0	0	0	0	0	0	0	0	0	0	1	0	1	0	0	0	0	1	0	0	0	1	0	0	0	0	2	0	0	1	1	0	0	1	1	0	0	0	0	0	0	0	0	0	0	0	1	0	0	1	0	0	0	0	0	0	0	0	0	2	0	0	1	1	0	0	0	0	0	1	1	0	0	NA	2	0	1	2	0	0	0	0	0	0	0	0	0	0	1	0	0	0	0	0	0	1	0
05N4628	1	1	1	2	0	1	0	0	0	1	0	0	0	0	2	1	1	0	2	0	1	0	1	1	0	0	1	0	0	0	0	0	2	0	0	1	0	2	1	1	0	0	1	0	0	0	0	0	0	0	1	0	0	0	0	1	2	0	1	1	0	0	0	1	1	0	2	0	1	1	0	0	2	1	0	1	1	0	0	0	0	2	0	0	0	0	1	0	0	0	2	1	0	0	1	0	0	0	1	0	0	0	0	0	1	0	2	1	0	0	1	0	1	0	NA	0	0	0	0	1	2	0	1	0	0	0	0	0	0	1	0	0	1	NA	1	0	1	0	1	0	0	0	0	0	0	2	0	0	1	0	2	1	0	1	0	1	NA
09N1347	0	0	0	0	0	0	0	1	0	1	1	0	0	0	1	0	0	0	1	0	0	0	0	1	0	2	0	1	0	1	2	0	2	0	0	1	0	2	0	0	0	0	0	1	1	0	1	0	0	1	2	0	0	0	0	0	0	1	0	0	0	1	0	1	1	0	0	0	0	0	0	0	2	0	1	1	1	0	1	0	0	2	1	0	0	0	2	1	0	2	1	0	0	0	0	0	0	0	0	1	0	0	0	0	0	0	1	1	1	0	0	0	0	0	0	0	0	0	0	1	0	1	0	0	0	0	0	0	0	2	0	1	0	0	2	1	0	1	0	0	0	0	0	0	0	1	0	0	1	0	0	1	0	0	0	0	0
09N1348	0	NA	0	0	0	0	0	0	0	1	2	2	0	0	2	0	0	0	2	1	0	0	0	0	0	0	0	1	2	1	1	0	2	0	1	0	0	2	0	0	0	0	2	0	1	0	2	0	0	1	1	0	0	0	0	2	0	0	0	0	0	0	0	0	0	0	0	0	1	1	0	0	2	NA	0	0	NA	0	0	0	0	2	0	0	0	0	1	0	0	0	1	0	0	0	0	0	1	0	1	0	0	0	0	0	0	1	1	0	1	0	0	0	0	0	0	0	0	0	0	2	0	0	0	0	1	0	0	0	0	0	0	0	0	0	0	0	2	2	0	1	0	0	0	0	1	0	0	1	0	0	0	1	0	1	0	0	0
01N7123	0	0	0	0	0	1	0	1	0	0	2	0	0	0	0	2	0	0	0	0	0	0	0	0	0	1	0	1	2	1	0	0	2	1	1	0	0	0	1	0	0	0	1	0	0	0	1	0	1	0	0	0	0	0	0	0	2	0	0	1	1	0	0	0	0	0	2	0	1	0	1	0	1	2	0	0	0	0	0	0	0	1	0	0	0	0	2	0	0	1	1	2	1	0	0	0	0	0	0	0	0	0	0	0	0	1	0	0	0	0	0	0	1	0	0	0	0	0	0	2	NA	0	2	0	0	0	0	0	0	1	0	0	0	0	0	0	0	2	0	0	0	0	0	0	0	0	0	0	1	0	0	1	1	0	0	1	0
01N7124	0	0	1	0	0	1	0	0	0	1	2	0	0	0	1	NA	0	0	1	0	0	0	0	0	0	2	0	0	2	2	0	0	2	0	0	0	0	2	0	0	0	0	0	1	1	0	1	0	0	1	0	2	0	0	0	0	2	1	0	0	1	0	1	0	0	0	2	0	0	1	0	0	2	0	0	1	0	0	0	0	0	2	0	0	0	0	2	0	0	0	0	0	0	0	1	0	0	0	0	0	0	0	0	0	0	1	1	0	0	0	0	0	1	0	0	0	0	1	0	2	0	0	0	0	0	0	0	1	0	2	0	0	0	0	0	0	0	2	0	0	0	0	0	0	0	0	0	0	1	1	0	0	0	0	0	1	0
01N7125	1	0	1	0	1	0	0	1	1	0	2	0	1	0	1	1	0	0	0	0	0	1	0	0	0	1	0	1	2	1	0	0	2	0	0	0	0	1	0	0	0	0	0	0	0	0	1	0	1	0	0	0	0	0	0	1	1	0	0	0	0	1	0	0	0	0	1	0	0	1	1	0	1	0	0	0	0	0	0	0	0	2	0	1	0	0	2	0	0	1	1	0	0	0	0	0	0	0	1	0	0	0	0	0	0	0	0	0	0	0	1	1	0	1	0	0	0	1	0	2	0	0	0	0	0	0	1	0	0	1	1	0	0	0	0	1	1	2	0	0	0	0	0	0	0	1	0	1	0	1	0	0	0	0	0	0	0
01N7126	1	0	0	0	0	0	0	1	1	0	1	0	1	0	1	0	0	0	0	0	0	0	0	0	0	0	0	0	2	1	1	0	1	0	0	1	0	1	0	0	0	0	0	0	0	0	1	0	0	1	0	0	0	1	1	1	2	1	0	0	0	1	0	0	1	0	2	0	0	0	1	1	2	1	0	0	0	0	0	0	0	1	0	0	0	0	2	0	0	0	2	1	0	0	0	0	0	1	0	0	1	0	0	0	0	0	0	0	0	0	1	1	0	0	0	0	0	0	0	2	0	0	0	0	0	0	0	0	0	2	0	0	0	0	1	0	0	2	1	0	0	0	0	0	0	0	0	0	1	0	0	0	0	0	0	0	0
01N7127	1	1	2	0	0	0	0	0	1	0	0	0	0	0	1	0	0	0	0	0	0	0	0	0	0	0	0	1	1	1	0	0	2	0	0	1	0	1	0	0	0	0	0	0	0	0	0	0	0	0	0	1	0	0	0	1	1	0	0	0	0	2	1	0	1	0	1	0	0	1	0	0	1	1	0	1	0	1	0	0	0	1	0	0	0	0	2	0	0	2	1	0	0	0	0	0	0	0	1	0	1	0	1	0	0	1	1	0	0	0	0	NA	1	0	0	0	0	1	0	2	0	0	1	0	0	0	0	0	0	0	1	0	0	0	0	0	0	1	1	0	0	0	0	0	0	0	0	1	0	0	0	0	0	0	1	0	0
01N7128	0	0	2	0	0	0	1	0	1	1	1	0	0	0	1	2	1	0	0	0	0	0	1	0	0	0	0	0	2	2	0	0	1	0	0	0	0	1	0	1	0	0	0	0	0	0	1	1	0	0	0	2	1	0	0	0	1	2	0	0	0	0	0	0	0	0	1	0	0	0	0	0	1	1	0	0	1	0	0	0	0	2	1	0	0	0	2	1	0	1	0	0	0	0	0	0	0	0	0	0	0	0	0	0	0	0	1	0	0	0	0	1	1	0	0	0	0	1	0	2	0	0	1	0	0	0	0	0	0	0	2	0	1	0	0	0	0	2	0	0	0	0	0	0	0	0	0	0	2	0	0	1	0	0	0	0	0
01N7129	0	0	2	0	0	0	0	0	2	1	1	0	0	0	2	0	1	0	0	0	0	0	0	0	0	0	0	1	1	2	0	0	1	0	0	1	0	1	0	1	0	0	0	0	0	0	1	0	0	0	0	2	1	0	0	1	2	1	0	0	0	1	1	0	1	0	2	0	0	0	0	0	0	0	0	1	1	0	0	0	0	2	0	0	0	0	2	1	0	1	1	0	0	0	0	0	0	0	0	0	2	0	1	0	0	1	1	0	0	0	0	0	2	0	0	0	0	2	0	2	0	0	0	0	0	0	0	0	0	0	1	0	0	0	0	0	0	2	1	0	0	0	0	0	0	0	0	0	1	0	0	1	0	0	0	0	0
01N7130	0	1	1	0	0	1	0	1	0	0	1	0	0	0	1	0	0	0	0	0	0	0	0	0	0	0	0	0	1	0	1	0	1	0	0	1	0	2	0	0	0	2	0	0	1	0	0	1	0	2	1	1	0	0	0	0	0	0	0	0	0	2	1	0	1	0	0	0	1	0	0	0	1	1	0	0	1	0	0	0	0	0	0	0	0	0	2	0	0	0	1	2	1	0	0	0	0	0	0	0	0	0	0	0	0	0	0	0	0	0	1	1	0	0	0	0	0	2	0	2	0	0	0	0	0	0	1	0	0	1	1	0	0	0	1	0	1	2	0	1	0	0	0	0	0	0	0	0	0	0	1	0	1	0	0	1	0
13N0516	0	0	1	0	0	0	0	0	0	1	2	0	0	0	2	0	0	0	0	2	0	0	0	0	0	1	2	0	1	2	1	0	2	0	0	0	0	1	0	0	0	0	0	0	1	0	1	2	0	2	2	0	0	0	1	1	2	0	1	0	0	0	1	0	0	0	2	0	1	0	0	1	1	1	0	0	1	0	1	0	1	2	2	1	0	0	2	0	0	0	1	0	0	0	0	0	1	0	0	0	0	0	0	0	0	0	0	0	0	0	0	0	0	0	1	1	0	0	0	2	0	0	0	0	1	0	0	0	0	1	0	0	0	0	0	0	0	2	0	0	0	0	0	0	0	0	0	0	0	0	0	0	2	0	0	0	0
02N9746	1	2	2	0	0	0	0	0	0	2	0	0	0	0	2	0	0	0	2	2	0	0	0	2	0	0	0	0	1	1	0	0	0	0	0	2	0	2	0	1	2	0	0	0	0	0	1	0	0	0	1	0	0	0	0	0	1	0	0	0	0	0	0	2	2	0	0	0	0	2	0	0	2	0	0	2	0	0	0	0	0	1	0	1	1	0	2	0	2	2	1	0	0	0	1	0	1	0	1	1	0	0	0	1	1	2	2	2	2	0	0	0	0	1	0	1	0	1	1	0	0	0	0	2	2	1	0	0	1	0	1	0	0	0	1	1	0	0	2	0	0	1	1	0	0	2	0	2	1	0	1	1	2	0	1	0	0
06N29507	1	NA	2	0	0	0	0	0	0	2	0	2	0	0	2	0	0	0	1	2	0	0	0	2	0	0	0	1	2	2	0	0	2	0	0	2	0	2	0	1	2	0	0	0	0	0	0	1	0	0	2	0	2	0	0	0	0	1	0	0	0	0	0	2	2	0	0	0	0	2	0	0	1	NA	0	2	0	0	0	0	0	2	0	2	1	0	1	0	2	2	0	1	2	1	1	0	1	0	2	0	0	0	0	0	0	2	1	0	2	0	1	0	0	0	1	1	1	1	0	2	0	0	0	0	2	0	0	0	0	1	1	1	1	0	0	1	0	0	2	0	0	0	1	0	0	2	2	2	0	1	0	1	1	0	0	1	1
06N29508	1	0	2	0	0	1	0	0	0	0	0	2	0	0	2	1	0	0	0	2	0	0	0	2	0	0	0	1	2	0	0	0	1	0	0	2	0	1	0	1	2	0	0	0	0	0	1	0	0	0	0	0	0	0	0	0	0	0	0	0	0	0	0	2	2	0	0	0	0	2	0	0	1	1	0	2	0	0	1	0	0	0	0	1	0	0	2	0	1	2	0	1	0	0	1	2	2	1	1	0	0	0	0	1	1	2	2	2	2	0	0	0	0	0	1	2	2	1	1	1	0	0	0	0	2	0	0	1	0	1	0	1	1	0	2	0	0	0	2	0	0	2	2	0	0	2	2	2	1	0	0	0	2	1	1	1	1
07N21016	2	NA	2	0	0	0	0	0	1	0	0	0	0	0	2	0	0	0	0	2	0	0	1	2	0	0	0	1	0	0	2	0	2	0	0	2	0	2	0	0	1	0	0	1	0	0	1	0	0	0	0	0	2	0	0	0	0	0	0	0	0	0	1	2	2	0	0	0	0	2	0	0	2	1	0	2	0	0	0	0	0	1	0	2	0	0	2	1	2	2	1	1	0	0	1	0	2	0	2	1	0	0	0	1	1	2	2	1	2	0	0	1	0	0	0	1	1	1	0	0	0	0	0	0	2	0	0	0	1	1	1	0	1	0	1	0	0	0	2	0	0	0	2	0	0	2	2	2	1	1	0	1	1	0	0	2	2
07N21027	NA	NA	2	0	0	0	0	2	0	0	0	0	0	0	2	1	0	0	2	2	0	0	0	2	0	0	0	0	2	1	1	0	2	0	0	2	0	2	0	0	0	0	0	2	0	NA	1	0	0	0	0	0	0	0	1	0	0	0	0	0	0	0	1	2	2	0	0	0	0	2	0	0	2	0	1	2	0	0	1	0	0	0	0	2	0	0	1	0	2	2	2	0	1	0	2	0	1	2	2	1	0	0	0	0	2	2	1	0	2	0	0	1	0	0	1	0	1	1	1	1	0	0	0	1	2	2	0	0	1	0	1	2	0	0	1	2	0	0	2	0	0	0	1	1	0	2	1	2	0	0	0	0	1	2	1	1	0
07N34099	2	1	1	0	0	0	0	0	1	0	0	2	0	0	2	0	0	0	1	2	0	0	0	2	0	0	0	2	0	0	0	1	2	0	0	2	0	2	0	2	1	0	0	0	0	0	1	0	0	0	0	0	2	0	0	0	0	1	0	0	0	0	0	2	2	0	0	0	0	2	0	0	0	1	0	2	0	0	0	0	0	1	0	2	2	0	2	1	2	2	2	0	0	0	2	0	2	0	2	2	0	0	0	1	1	2	2	1	2	0	0	0	0	0	2	0	0	0	1	0	1	0	1	0	2	0	0	0	1	0	1	0	0	0	1	0	0	0	2	0	0	1	2	0	0	2	2	2	0	1	0	0	0	1	2	2	1
99N0522	2	1	1	0	0	0	0	1	1	0	0	0	0	0	2	NA	0	0	1	2	0	0	0	2	0	0	0	1	2	0	0	0	0	0	0	2	0	2	0	0	1	0	0	0	0	1	1	1	0	0	2	0	0	0	0	0	1	0	0	1	0	0	0	2	2	0	1	0	0	1	1	0	2	1	0	2	0	0	0	0	0	1	0	1	1	2	1	0	1	2	1	1	0	0	1	0	2	0	1	1	0	0	0	2	0	2	2	1	2	0	1	0	0	0	1	1	0	0	0	0	0	0	0	2	2	0	0	0	1	1	1	1	1	0	1	2	1	0	2	0	0	0	1	1	1	1	0	0	0	0	0	1	1	0	0	2	1
99N0524	2	1	0	0	0	1	0	0	0	0	0	0	0	0	2	0	0	0	0	2	0	0	1	2	0	0	0	1	0	1	1	0	2	0	0	2	0	1	0	0	0	1	0	0	0	0	1	0	0	0	1	1	0	0	0	0	0	0	1	1	0	0	0	2	2	0	0	0	0	2	0	0	0	0	0	2	0	0	0	0	0	2	0	2	0	0	0	0	1	2	1	0	0	1	1	2	2	1	0	0	0	0	0	1	1	2	2	2	2	0	0	0	0	0	0	1	0	1	0	1	0	0	1	0	2	0	0	0	0	0	0	2	1	0	1	2	1	0	2	0	0	1	2	0	1	2	0	1	0	0	0	1	0	0	0	0	1
99N0525	2	1	1	0	0	0	0	2	1	1	0	2	0	0	2	0	0	0	1	2	0	0	0	2	0	0	0	2	0	0	1	0	2	0	0	2	0	2	0	0	0	0	0	0	0	0	1	1	0	0	0	0	0	0	0	0	0	2	0	0	0	0	0	2	2	0	0	0	0	2	0	0	1	0	0	2	0	0	0	0	0	2	0	2	0	0	2	0	2	2	2	0	1	0	1	0	2	0	2	1	0	0	0	2	1	2	1	0	2	0	1	0	0	0	0	2	0	1	0	1	0	0	0	2	2	0	1	0	0	2	0	1	0	0	1	1	0	0	2	0	0	1	1	0	1	2	0	2	0	1	0	1	1	0	0	1	2
99N0526	0	1	2	0	0	0	0	0	1	0	0	0	0	0	2	0	0	0	1	2	0	0	1	2	0	0	0	0	1	2	0	0	2	0	0	2	0	2	0	0	1	0	0	0	0	0	1	0	0	0	0	0	1	0	0	0	0	0	0	0	0	0	1	2	2	0	0	0	0	2	0	0	1	0	0	2	0	0	0	0	0	2	0	1	1	0	0	0	1	2	0	0	0	0	1	0	2	1	1	0	0	0	0	1	1	1	1	2	2	0	0	1	0	0	0	1	0	1	0	1	0	0	0	0	2	0	0	0	0	0	1	0	0	1	1	0	1	0	2	0	0	0	0	0	1	2	0	2	0	1	0	2	2	0	0	1	1
99N0527	2	2	1	0	0	0	0	1	0	1	1	0	0	0	2	0	0	0	0	0	0	0	1	1	0	0	0	0	0	1	0	0	2	0	0	1	0	2	0	1	1	0	0	1	0	0	1	0	0	0	0	0	0	0	0	0	0	0	0	0	0	0	0	1	1	0	0	0	0	2	0	0	1	0	0	1	0	0	0	0	0	1	0	1	0	0	1	0	2	2	0	2	0	2	0	0	1	1	1	1	0	0	0	2	1	2	2	1	2	0	2	0	0	1	0	0	1	0	1	2	NA	0	0	2	1	1	0	1	0	1	2	1	0	0	1	1	0	1	1	0	0	0	0	1	0	1	0	2	1	0	0	2	0	0	0	2	2
99N0528	2	1	2	0	0	1	0	2	1	0	0	0	0	0	2	0	0	0	2	2	0	0	0	2	0	0	0	0	2	2	1	0	2	0	0	2	0	2	0	1	0	0	0	0	0	0	1	0	0	0	0	0	0	0	0	0	0	1	0	0	1	0	0	2	2	0	0	0	0	2	0	0	1	1	1	2	0	0	1	0	0	2	0	2	1	2	0	0	1	2	1	0	0	0	2	0	2	1	2	0	0	0	0	2	0	2	2	0	2	0	1	0	0	0	0	0	0	0	0	2	0	0	0	0	2	0	1	0	0	0	1	1	1	0	2	1	0	0	2	0	0	0	1	0	2	2	0	2	0	0	0	1	1	0	0	2	1
99N0529	2	2	1	0	0	0	0	0	0	0	1	1	0	0	2	0	0	0	0	2	0	0	0	1	0	0	0	0	2	1	1	0	2	0	0	1	0	1	0	1	1	1	0	0	0	1	1	1	0	0	1	0	0	0	0	0	0	0	0	0	0	0	1	1	1	0	0	0	0	2	0	0	1	0	1	2	0	0	0	0	0	1	0	1	1	0	0	1	1	2	0	1	0	0	0	2	2	1	1	1	0	0	1	2	1	2	2	1	2	0	1	1	0	0	1	0	0	0	0	1	0	0	0	2	2	0	1	1	0	0	1	2	2	0	1	2	0	1	1	0	1	0	1	2	0	1	1	2	0	1	0	0	2	0	1	0	2
99N0530	2	2	0	0	0	0	0	0	1	1	0	1	0	0	2	0	0	0	2	2	0	0	1	2	0	0	0	1	1	1	1	0	1	0	0	2	0	2	0	0	1	0	0	0	0	0	1	0	0	0	0	0	0	1	0	0	0	0	0	1	0	0	0	2	2	0	0	0	0	2	0	0	1	1	0	2	0	0	0	0	0	2	0	2	1	0	2	0	1	2	0	2	0	1	1	0	2	0	1	1	0	0	1	1	0	2	2	0	2	0	0	0	0	1	1	0	0	1	0	0	0	0	0	2	2	0	1	2	1	0	1	1	2	0	2	1	0	0	2	0	0	1	2	0	2	1	1	1	0	0	1	0	1	0	1	1	0
7038	2	1	2	0	0	0	0	0	0	0	0	2	0	0	2	NA	0	0	1	2	0	0	1	2	0	0	0	1	2	0	1	0	1	0	0	2	0	2	0	1	0	0	0	1	0	0	1	0	0	0	1	1	0	0	1	0	0	1	0	0	0	0	1	2	2	0	0	0	0	2	0	0	2	1	0	2	0	0	0	0	0	2	0	1	1	0	1	0	2	2	2	0	0	0	2	2	2	1	2	1	0	0	0	1	1	2	2	1	1	0	0	1	0	1	0	2	1	1	0	0	1	0	0	2	2	1	0	1	0	NA	1	2	1	0	1	2	0	0	2	0	0	1	1	2	0	1	1	2	1	0	0	1	0	2	1	0	2
07N18309	1	1	2	0	0	0	0	0	1	1	0	0	0	0	2	0	0	0	1	2	0	0	2	2	0	0	0	0	0	1	1	0	1	0	0	2	0	2	0	2	0	0	0	0	0	0	2	0	0	0	2	0	0	0	0	0	0	1	0	0	0	0	0	2	2	0	0	0	0	2	0	1	1	1	0	2	0	0	0	0	0	1	0	2	2	1	0	0	2	1	0	0	1	0	1	0	2	1	2	0	0	0	0	1	1	2	1	1	2	0	0	0	0	1	2	0	0	0	0	1	0	0	0	0	2	0	0	0	0	1	2	0	1	0	0	0	0	0	2	0	0	1	2	0	1	2	0	1	1	0	1	1	2	0	1	1	1
07N18343	2	2	2	0	0	0	0	0	0	0	0	0	0	0	2	0	0	0	2	0	0	0	0	0	0	0	0	2	0	1	0	NA	0	0	0	0	0	2	0	0	2	0	0	0	0	0	2	0	0	0	0	0	2	0	0	0	0	0	2	0	0	0	2	2	0	0	0	0	0	2	0	2	2	1	0	2	0	0	0	0	0	2	0	2	0	0	0	0	0	2	0	2	0	0	NA	0	NA	0	2	2	0	0	0	0	0	0	2	2	0	0	0	0	0	0	2	0	0	0	0	0	0	0	0	0	0	0	0	0	0	0	2	0	0	0	2	0	0	0	2	0	0	0	0	1	0	2	0	0	0	0	1	0	0	0	2	2	0
07N18346	2	0	1	0	0	0	0	0	0	1	0	0	0	0	2	0	0	0	0	2	0	0	0	2	0	0	0	1	2	1	0	0	2	0	0	2	0	2	0	0	1	0	0	0	0	0	2	1	0	0	1	0	0	0	0	0	0	0	0	0	0	0	0	2	2	0	0	0	0	2	0	0	2	0	0	2	0	0	0	0	1	1	0	2	0	2	0	0	2	2	0	1	1	0	2	0	2	1	2	0	0	0	0	2	0	2	2	0	2	0	1	0	0	0	2	1	1	1	0	0	0	0	0	1	2	0	0	0	1	1	1	0	0	0	2	0	0	0	1	0	0	1	1	0	0	0	1	1	0	0	0	1	2	1	1	0	2
07N18356	1	1	1	0	0	0	0	0	1	0	0	1	0	0	2	0	0	1	2	2	0	0	0	2	0	0	0	1	2	1	1	0	1	0	0	2	0	2	0	0	0	0	0	0	0	0	2	0	0	0	0	0	1	0	0	0	0	0	0	0	0	0	0	2	2	0	0	0	0	2	0	1	0	0	1	2	0	0	0	0	0	2	0	1	2	0	0	0	2	2	1	1	0	1	2	0	2	1	0	1	0	0	0	2	0	1	2	2	1	0	2	0	0	0	1	1	1	0	2	0	0	1	0	1	2	1	2	1	0	1	2	0	1	0	2	1	0	0	2	0	0	1	1	0	1	0	1	2	1	0	0	0	0	1	1	0	2
07N18361	2	1	2	0	0	0	0	0	0	1	0	0	0	0	2	0	0	0	1	2	0	0	1	2	0	0	0	1	1	1	0	0	1	0	0	2	0	2	0	2	1	1	0	0	0	0	2	0	0	0	0	0	0	0	0	0	0	1	0	0	0	0	1	2	2	0	0	0	0	2	0	0	1	0	0	2	0	0	0	1	0	2	0	1	1	0	2	0	1	1	0	1	0	0	1	1	2	0	1	0	0	0	1	0	1	2	1	0	2	0	0	0	0	0	1	1	0	2	0	0	0	0	1	0	2	1	0	1	0	0	2	0	0	1	1	0	0	0	2	0	0	0	1	0	0	1	0	1	1	0	0	1	2	1	1	0	2
00N5172	2	1	2	0	0	0	0	0	0	0	1	0	0	0	2	0	0	0	1	0	0	0	1	1	0	0	0	0	1	2	1	0	0	0	0	1	0	2	0	1	0	0	0	1	1	0	2	0	0	0	0	0	0	0	1	0	0	0	0	0	0	0	0	1	1	0	0	0	0	0	0	0	1	1	0	1	0	0	0	0	0	1	0	1	0	0	2	0	0	0	1	1	0	0	0	0	0	0	1	0	0	1	0	0	0	0	1	0	0	0	1	0	0	0	0	0	0	0	0	1	0	0	0	0	0	0	0	0	0	1	0	0	0	0	1	0	0	1	1	1	0	0	1	0	0	0	0	0	1	0	0	0	0	0	1	1	0
00N5173	1	1	1	1	0	0	0	0	0	0	1	1	0	0	0	0	0	0	2	0	1	0	0	0	0	1	0	1	2	1	0	0	0	1	0	1	0	1	0	0	1	1	0	0	1	0	2	1	1	0	0	1	0	0	1	1	0	1	0	0	0	0	1	0	1	0	1	1	0	1	0	0	2	0	0	1	0	0	1	0	0	1	0	0	0	0	2	0	1	1	0	1	0	0	0	0	0	0	1	0	0	0	0	0	0	0	1	0	0	0	0	0	0	0	0	1	0	0	0	1	0	0	2	0	1	0	0	0	0	0	1	0	0	0	1	0	1	2	0	0	0	0	0	0	0	0	0	1	2	0	0	2	0	1	0	1	0
11N3234	0	2	2	0	0	0	0	0	0	0	1	0	0	1	1	0	1	0	0	0	0	0	0	1	0	0	0	0	2	1	2	0	1	0	0	1	0	2	0	0	0	0	0	1	0	0	1	0	0	0	0	0	0	0	0	1	1	0	0	0	0	0	1	1	1	0	1	0	0	0	0	0	2	0	1	1	0	0	0	0	0	2	0	0	0	0	2	0	0	2	1	0	0	1	0	0	1	0	0	0	0	2	0	0	0	1	1	0	1	0	0	0	0	0	0	0	0	0	0	1	0	0	0	0	1	0	0	0	0	1	1	0	0	0	0	0	0	0	1	1	0	0	0	0	1	0	0	0	1	0	0	1	0	0	0	0	0
12N2944	1	1	2	0	0	0	0	0	0	1	1	0	0	0	2	0	0	0	0	0	0	0	0	0	0	0	1	1	2	1	1	0	0	0	0	0	0	2	0	0	0	0	0	0	0	0	1	1	0	1	1	0	1	1	0	0	0	0	0	0	0	0	0	0	0	0	0	0	0	2	0	0	2	1	1	0	0	0	0	0	0	2	0	0	0	0	2	0	0	1	0	0	1	1	0	0	0	0	1	0	0	0	0	0	0	0	2	0	1	0	1	2	1	1	0	0	0	0	0	0	0	0	0	0	0	0	0	0	0	0	1	0	0	0	2	0	1	1	0	0	1	0	0	0	0	0	0	0	1	0	0	1	0	0	0	1	0
00N5171	0	0	1	0	0	0	1	0	1	1	1	0	0	0	2	0	0	0	0	0	0	0	0	1	0	1	0	2	2	1	0	0	0	0	0	1	0	2	0	1	1	1	0	0	0	0	1	1	0	0	0	0	0	0	2	0	0	0	0	0	0	0	1	1	1	0	0	0	1	2	0	0	2	0	0	1	0	0	0	0	0	1	0	0	0	0	1	0	1	0	1	1	0	0	1	0	0	0	1	0	0	0	0	0	0	0	0	0	0	0	0	0	0	0	0	1	0	0	0	1	0	0	1	0	0	0	0	0	0	1	1	0	0	0	0	0	1	0	1	0	0	0	0	0	0	2	0	1	2	0	0	1	0	0	1	1	0
11N3237	0	0	0	1	0	0	0	1	0	2	0	0	1	0	1	1	0	0	1	0	1	0	0	1	1	0	0	0	2	1	0	0	1	0	1	1	0	0	0	0	0	1	0	0	0	0	2	2	0	0	0	0	1	0	1	0	1	1	0	1	0	0	0	1	1	0	2	1	0	0	0	0	1	1	1	1	0	0	1	0	0	2	0	0	0	0	2	1	1	1	1	1	0	0	0	0	1	1	0	0	0	1	0	0	1	0	0	0	1	0	1	0	0	0	0	0	0	0	0	2	1	0	0	0	1	0	0	0	1	0	0	0	0	0	1	0	0	0	1	0	0	0	0	0	0	0	0	0	1	0	0	0	0	0	1	0	0
11N3238	2	0	1	1	0	1	0	1	0	1	1	0	0	0	1	0	0	0	0	0	1	0	0	0	0	0	0	1	1	1	0	0	0	0	0	1	0	1	0	0	0	0	0	0	1	0	2	0	0	1	0	0	0	0	0	0	1	0	0	0	0	1	0	1	1	0	0	1	0	1	0	0	2	0	1	0	1	0	0	1	0	2	0	0	0	0	2	0	0	1	1	0	2	0	0	0	0	0	0	0	1	0	0	0	0	1	0	0	1	0	1	0	0	0	0	0	0	0	0	1	0	0	0	0	0	0	0	0	0	2	1	0	0	0	1	0	1	1	1	0	0	0	0	0	0	0	0	0	0	0	0	0	0	0	1	0	1
11N3239	1	0	1	0	1	1	0	0	0	0	2	0	0	0	2	0	0	0	1	0	1	0	0	0	0	0	0	0	2	1	1	0	1	2	0	0	0	0	1	0	0	1	0	0	0	0	1	1	0	1	0	0	0	0	0	0	1	0	0	0	0	1	0	0	0	0	0	0	0	0	0	0	1	0	1	1	1	0	0	0	0	2	0	0	0	0	2	0	0	1	2	1	1	0	0	0	0	1	0	0	0	0	0	1	0	0	0	0	0	0	0	0	0	0	0	1	0	0	0	2	0	0	0	0	0	0	0	1	0	0	0	0	0	0	1	1	2	1	0	0	0	0	0	0	0	0	0	0	1	0	0	0	0	0	1	0	1
11N3240	0	0	1	2	0	0	0	0	0	1	1	0	0	0	0	1	0	0	1	0	1	0	1	1	0	1	1	0	1	2	1	0	1	0	1	1	0	1	0	0	0	1	0	0	1	0	1	1	0	1	0	0	0	0	0	1	1	0	0	0	1	0	0	1	1	0	1	0	1	0	0	0	1	1	0	1	0	0	0	0	0	1	0	0	0	0	2	0	0	1	1	0	0	0	0	0	0	0	0	0	0	0	0	0	0	1	1	0	0	0	0	0	0	0	0	0	0	1	0	2	0	0	0	0	0	0	0	0	0	0	1	0	0	0	1	0	0	1	1	0	0	0	0	0	0	0	0	1	1	0	0	0	0	0	0	1	0
02N2288	0	0	1	0	0	0	0	0	0	2	1	0	1	0	2	0	1	0	2	0	0	0	0	0	0	1	0	0	0	0	1	0	0	0	0	1	0	2	0	2	0	0	0	0	1	0	1	1	0	1	0	0	1	0	0	1	1	0	0	0	0	0	0	0	1	0	1	0	0	0	0	0	1	0	0	1	1	0	0	0	0	2	0	0	0	0	2	0	0	1	0	1	0	1	0	0	1	0	0	0	0	0	0	0	0	0	2	0	1	0	0	0	0	0	0	0	0	0	0	2	0	0	0	0	1	0	0	0	0	0	2	0	0	0	0	0	1	2	1	0	0	0	0	0	0	0	0	0	0	0	0	0	0	0	0	0	0
02N2289	1	2	0	1	1	0	0	0	0	2	2	1	1	0	2	0	0	0	0	0	0	0	0	0	0	2	0	0	2	1	2	0	NA	1	0	0	0	2	0	1	1	1	1	1	1	0	2	1	0	2	1	0	1	0	0	0	1	0	0	0	0	0	1	NA	0	0	1	0	1	0	0	0	2	NA	1	0	1	0	1	0	0	2	0	0	0	0	2	0	0	0	1	1	2	0	0	0	0	0	0	1	2	0	0	0	0	1	0	0	0	0	1	1	0	0	0	0	0	0	0	2	0	0	1	0	0	0	0	0	1	2	1	0	0	0	1	0	1	2	0	0	0	0	0	0	0	0	0	0	0	0	0	0	0	0	0	0	0
02N2292	1	2	1	1	2	0	0	0	0	1	2	0	0	0	2	0	0	0	NA	0	0	0	1	0	0	0	0	0	1	1	0	0	0	1	0	0	0	2	0	1	0	0	0	0	2	0	1	0	0	2	0	1	0	0	0	0	1	2	0	0	1	0	0	NA	0	0	1	0	0	0	0	0	1	NA	0	0	0	0	1	0	0	2	0	0	0	0	2	0	0	2	2	0	0	0	0	0	0	0	0	0	0	0	0	0	0	0	0	0	1	0	0	0	1	0	0	1	0	0	0	1	1	0	0	0	0	0	0	0	0	1	0	0	0	0	0	0	1	2	0	1	0	0	0	0	0	0	0	0	1	1	1	1	0	0	0	1	1
05N5315	1	0	0	0	1	0	1	0	1	1	2	0	0	0	1	0	1	0	0	0	0	0	1	0	0	0	0	0	2	1	0	0	0	1	0	0	0	2	0	1	0	0	0	0	0	0	2	2	0	0	0	0	0	0	0	0	2	0	0	0	0	0	0	0	0	0	2	0	0	0	0	0	2	1	0	0	0	0	0	0	0	2	0	0	0	0	2	0	0	1	0	1	0	1	1	0	0	0	0	1	0	1	0	0	0	0	0	0	1	0	0	0	0	0	0	0	0	0	0	2	0	0	0	0	0	0	0	0	0	1	0	0	0	0	1	0	0	2	0	0	0	0	0	0	1	0	0	0	0	2	0	0	0	0	0	0	0
03N0775.	1	0	2	0	0	0	0	0	0	1	0	0	0	0	2	0	2	0	1	0	0	0	0	0	0	0	2	1	2	1	0	0	1	0	0	2	0	1	0	0	0	0	0	0	0	1	2	1	0	0	1	0	1	0	0	0	0	0	0	0	0	0	0	0	2	0	0	0	0	0	1	0	2	1	0	1	0	0	1	0	0	2	0	0	0	0	2	0	0	1	2	1	0	0	0	0	0	0	0	0	0	0	0	0	0	1	0	0	0	0	0	0	1	0	1	0	0	0	0	2	0	0	0	0	0	0	1	0	0	1	1	0	0	0	1	0	0	2	2	0	0	0	0	0	0	0	0	0	1	0	0	1	0	0	0	1	0
03N0776	1	0	1	0	0	1	0	0	0	1	1	0	0	0	2	0	0	0	0	0	0	0	0	0	2	1	0	0	2	1	2	0	0	1	1	0	0	1	0	0	0	0	0	0	1	0	2	1	0	1	1	0	0	0	0	0	1	1	0	0	0	1	0	0	0	0	1	0	0	0	0	0	1	0	1	0	0	0	0	1	0	2	0	0	0	0	2	0	0	2	1	1	0	0	0	0	1	0	0	0	0	0	0	0	0	0	0	1	0	0	0	0	2	0	0	0	0	0	0	2	0	0	0	0	1	0	1	0	0	2	1	0	0	0	0	0	1	1	0	0	0	0	0	0	0	0	0	0	0	0	0	0	0	0	0	0	0
03N0777	0	0	1	0	0	0	0	0	0	0	1	2	1	0	2	0	1	0	0	0	0	0	1	0	0	0	0	0	1	1	0	0	0	0	1	1	0	2	0	0	0	0	0	0	0	0	2	1	0	0	0	1	1	0	0	0	2	0	0	0	0	0	1	0	1	0	2	0	0	0	0	0	1	0	2	0	0	0	1	0	0	1	0	0	0	0	2	0	0	2	0	1	0	0	0	0	0	0	0	0	0	0	0	0	0	0	0	0	0	0	0	0	0	0	0	0	0	1	0	2	0	0	1	0	0	0	0	0	0	1	2	0	0	0	0	0	1	2	1	0	1	0	0	0	0	0	0	0	1	0	0	0	0	0	0	0	0
03N0778	0	0	1	0	0	0	1	0	0	0	1	0	0	1	2	0	2	0	2	0	0	0	1	0	0	0	0	0	0	2	0	0	1	0	0	0	0	2	0	0	1	0	0	0	0	0	1	1	0	0	2	0	0	0	0	0	1	0	0	0	0	0	1	0	0	0	1	0	0	0	0	0	2	0	0	0	0	0	1	0	0	1	0	1	0	0	2	0	1	1	1	0	1	0	0	0	1	0	0	1	0	0	0	0	0	0	2	0	1	0	1	0	0	0	0	0	0	1	0	2	0	0	0	0	1	0	0	0	0	2	2	0	0	0	0	0	0	0	0	0	0	0	0	0	0	0	0	0	1	0	0	0	0	0	0	0	0
03N0782	1	0	2	0	0	0	0	1	1	0	2	0	0	0	2	0	0	0	2	0	0	0	0	0	0	0	0	1	2	1	0	0	0	1	0	0	0	1	0	0	0	0	0	2	0	0	2	0	1	1	0	0	0	0	1	1	1	0	0	0	0	1	0	0	0	0	1	0	0	0	0	0	2	0	1	1	0	0	0	0	0	2	0	0	0	0	2	0	0	1	2	1	1	0	0	0	0	0	0	0	0	0	0	0	0	0	0	1	1	0	1	0	0	0	0	0	0	0	0	2	1	0	0	1	0	0	0	0	0	1	1	1	0	0	0	1	0	2	0	0	1	0	0	1	0	0	0	0	0	0	0	0	0	0	0	0	0
03N0798	0	0	1	0	0	0	0	0	0	0	1	0	0	1	0	0	1	0	2	0	0	0	0	1	1	0	0	1	0	1	0	0	0	0	0	1	0	1	0	2	0	0	0	0	1	0	2	0	0	1	0	0	1	0	1	0	1	1	0	0	0	0	1	1	1	0	1	0	0	2	0	0	2	1	0	1	0	0	1	0	0	0	0	0	0	0	2	0	1	1	0	0	1	0	0	0	0	0	1	0	1	0	0	0	0	1	1	0	0	0	0	0	0	0	0	0	0	1	0	2	0	0	1	0	0	0	1	0	0	0	1	0	0	0	0	0	1	1	1	0	0	0	0	0	0	0	0	2	1	1	0	0	0	1	0	1	0
03N6168	1	0	1	0	0	0	0	0	0	1	0	0	0	0	2	0	1	0	2	0	0	0	0	0	0	2	0	0	2	1	2	0	0	0	0	2	0	0	0	1	0	0	0	0	0	1	2	0	0	0	2	1	0	0	0	1	2	0	1	0	1	0	0	0	2	0	2	0	0	0	0	0	2	0	1	0	0	0	0	0	0	0	0	0	0	0	2	0	0	1	0	2	0	0	0	0	0	0	0	0	0	0	0	0	0	0	1	0	0	0	0	0	1	1	0	0	0	0	0	1	0	0	1	0	0	0	0	0	0	0	0	0	0	0	0	0	1	1	2	2	0	0	0	0	0	0	0	0	1	0	0	0	0	0	0	0	0
03N6169	1	0	0	0	0	0	0	0	0	1	2	0	0	0	2	1	1	0	0	0	0	0	0	0	0	0	0	0	1	2	1	0	0	0	0	0	0	1	0	0	0	0	0	0	0	0	0	1	0	0	1	0	0	0	0	0	2	0	0	0	0	0	1	0	0	0	2	0	0	1	0	0	0	0	1	0	0	0	0	0	0	1	0	0	0	0	1	1	0	0	0	0	0	0	0	0	0	0	0	0	0	2	0	0	0	1	1	0	0	0	0	0	0	0	0	0	0	0	0	2	0	0	0	0	0	0	0	0	0	1	0	0	0	0	0	0	0	2	0	0	0	0	0	0	1	2	0	0	0	0	1	0	0	0	0	1	0
03N6176	1	0	1	0	0	0	0	0	0	1	2	0	1	0	0	0	0	0	2	0	0	0	0	0	0	0	1	1	0	2	1	0	1	0	0	0	0	2	0	0	0	0	0	0	0	0	2	1	0	0	0	0	0	0	1	0	0	0	0	1	0	2	0	0	0	0	0	0	0	0	0	0	2	0	0	0	0	0	0	1	0	2	0	0	0	2	1	0	0	0	1	1	0	0	0	0	0	0	1	0	0	0	0	0	0	0	1	0	0	0	0	0	0	0	0	0	0	0	0	2	0	0	1	0	0	0	0	0	0	2	0	0	1	0	0	0	1	1	0	0	0	0	0	0	0	0	0	0	0	0	0	0	0	0	0	1	0
03N6177	0	0	1	0	0	0	0	1	0	1	2	0	0	0	2	0	0	0	2	0	0	0	0	0	0	0	0	1	0	1	2	0	0	0	0	0	0	2	0	0	0	0	0	0	0	0	2	1	0	0	0	0	0	0	1	0	1	0	1	0	0	0	0	0	0	0	1	0	0	0	0	0	2	0	0	0	0	0	0	0	0	2	0	0	0	0	2	0	0	2	0	2	0	0	0	0	0	0	1	0	0	0	0	0	0	1	1	0	0	0	2	0	1	0	0	0	0	0	0	2	0	0	0	0	0	0	0	0	0	0	1	0	0	0	1	0	0	1	0	1	0	0	0	0	0	0	0	0	0	0	0	0	0	1	1	0	0
03N6178	0	0	1	0	2	1	0	1	0	1	1	0	1	0	1	1	0	0	0	0	0	0	1	1	0	0	0	0	2	1	0	0	0	0	0	1	0	0	0	0	0	0	0	0	1	0	0	0	0	1	1	0	0	0	0	0	1	0	0	0	1	0	1	2	1	0	2	0	0	0	1	0	1	0	0	1	1	0	0	0	0	2	0	0	0	0	2	0	0	2	1	0	0	0	0	0	0	1	0	0	0	0	0	0	0	1	0	0	0	0	0	1	0	0	0	0	0	0	0	2	0	0	1	0	0	0	0	0	1	1	1	0	0	0	1	0	2	1	1	0	0	0	0	0	0	0	0	0	0	1	0	0	0	0	0	0	0
97N6797	1	2	0	0	0	0	0	0	1	2	2	1	0	0	2	0	0	0	0	0	0	0	0	0	0	1	1	1	2	2	2	0	0	0	0	0	0	2	0	1	0	1	0	1	0	0	2	0	0	0	2	0	0	0	0	0	0	0	0	0	1	0	0	1	0	0	0	0	0	0	0	0	0	2	1	1	0	0	1	0	0	2	0	0	0	0	2	0	0	0	1	0	0	0	0	0	0	1	0	1	0	1	0	0	0	0	1	1	0	0	1	0	0	0	0	0	0	0	0	2	0	0	1	1	0	0	0	0	0	1	2	0	0	0	2	0	2	2	0	0	0	0	0	0	1	0	0	0	0	0	0	0	0	0	0	2	0
97N6798	1	2	0	0	0	0	0	0	0	1	1	0	1	0	2	0	0	0	2	0	1	0	0	0	0	1	0	2	2	2	0	0	1	0	0	0	1	1	0	0	1	1	0	0	1	0	2	0	0	1	0	0	1	0	0	0	2	2	0	0	0	0	0	0	0	0	2	0	1	0	0	0	0	2	1	0	1	0	0	0	0	1	0	0	0	0	2	0	0	2	0	0	0	0	0	0	0	0	0	0	0	0	0	0	0	0	0	0	0	1	1	2	0	0	0	0	0	0	0	2	0	0	1	0	0	0	0	0	0	0	0	0	0	0	0	0	0	1	0	1	0	0	0	0	0	0	0	0	1	0	1	0	0	0	0	0	0
97N6799	0	2	0	0	0	1	0	1	1	2	1	0	0	0	2	1	0	0	2	0	0	1	0	0	0	0	0	0	2	0	2	0	0	0	1	1	0	2	0	1	0	0	0	0	1	0	2	0	0	1	0	1	0	0	0	0	1	0	0	0	0	0	2	0	1	0	1	0	0	0	1	0	2	0	1	0	0	0	1	0	0	2	0	0	0	0	2	0	0	1	0	0	0	0	0	0	0	0	0	0	0	0	0	0	0	1	2	0	0	NA	0	0	0	0	0	0	0	0	0	2	0	0	0	1	0	0	0	0	0	0	0	0	0	0	0	0	0	2	1	1	0	0	0	0	0	0	0	0	1	0	0	1	0	0	0	1	0
97N6800	1	0	1	0	0	0	0	0	0	0	1	0	0	0	2	0	0	0	0	0	0	0	1	0	0	0	0	1	2	1	2	0	0	0	0	1	0	2	0	0	0	0	0	0	0	0	2	1	0	0	0	0	0	0	0	1	1	0	0	0	0	0	0	0	1	0	1	0	0	0	1	0	1	1	1	0	0	0	1	1	0	2	0	0	0	0	2	0	0	1	0	0	0	0	0	0	0	0	0	0	0	0	0	0	0	0	1	0	0	0	0	0	0	0	0	2	0	0	0	2	0	0	0	0	0	0	0	0	0	0	0	0	0	0	0	0	1	2	1	1	0	0	0	0	0	0	0	0	1	0	0	0	0	0	0	0	1
97N6801	1	0	0	0	0	0	0	0	0	0	0	0	0	0	1	0	0	0	1	0	0	0	1	0	1	0	0	0	1	1	0	0	1	0	0	2	0	0	0	1	0	0	0	0	0	0	2	0	0	0	0	0	0	0	0	1	2	0	0	0	0	0	0	0	2	0	2	0	0	0	1	0	1	0	0	0	0	0	1	0	0	2	0	0	0	0	2	0	0	1	1	1	0	0	0	0	0	0	0	0	0	0	0	0	0	0	1	0	0	0	0	1	0	0	0	0	0	1	0	2	0	1	0	0	0	0	0	0	0	1	0	0	0	0	0	0	1	1	2	0	0	0	0	0	0	1	0	0	0	1	0	1	0	0	0	0	0
97N5259	1	1	1	1	0	0	0	0	0	0	0	1	0	0	2	0	0	0	2	2	0	0	0	2	0	0	0	0	1	1	0	0	0	0	0	2	0	2	0	0	0	0	1	0	0	0	2	0	0	0	1	0	0	0	0	0	0	0	0	0	0	0	0	2	2	0	0	0	0	2	0	0	1	1	1	2	0	0	0	0	0	1	0	0	1	0	2	0	2	1	0	1	0	0	2	0	2	0	0	1	0	0	0	1	1	2	1	2	2	1	0	0	0	1	0	1	0	1	0	1	0	0	0	1	2	0	1	1	0	0	1	1	1	0	1	0	0	0	2	0	0	1	1	0	1	2	0	2	0	0	0	1	2	1	2	1	1
97N5262	1	1	2	0	0	0	0	1	0	0	0	0	0	0	2	0	0	0	1	2	0	0	2	2	0	0	0	1	1	0	1	0	0	0	1	2	0	2	0	0	1	0	0	0	0	0	2	0	0	0	0	1	1	0	0	0	1	1	1	0	0	0	0	2	2	0	1	0	0	2	0	0	2	0	0	2	0	0	1	0	0	0	0	1	1	1	0	0	0	2	2	0	0	0	1	0	2	1	0	1	0	0	0	1	0	1	2	1	2	0	0	0	0	0	1	0	1	0	0	0	0	0	0	1	2	1	0	0	1	1	1	1	1	0	1	1	1	0	2	0	0	1	1	0	0	2	0	2	0	0	1	1	2	0	0	0	1
97N5267	0	0	1	1	0	0	0	0	1	2	0	0	0	0	2	0	0	0	0	2	0	0	0	2	0	0	0	1	1	1	1	0	1	0	0	2	0	2	0	2	0	1	0	0	0	0	2	1	0	0	0	0	0	0	0	0	0	1	0	0	0	0	0	2	2	0	0	0	0	2	0	0	2	0	1	2	0	0	0	0	0	2	0	2	0	0	2	0	2	2	1	1	0	0	0	1	2	1	0	1	0	0	0	1	0	2	1	0	2	NA	0	1	0	0	2	0	1	0	0	1	0	0	0	1	2	0	0	1	0	1	0	1	0	0	1	1	1	0	2	0	0	1	1	0	0	2	0	2	0	0	0	1	2	0	2	0	2
97N5268	1	2	1	0	0	0	0	0	1	0	0	0	0	0	2	0	1	0	0	2	0	0	0	2	0	0	0	1	2	1	0	0	0	0	0	2	0	2	0	1	2	0	0	0	0	0	2	0	0	0	0	1	0	0	0	0	0	0	0	0	0	0	0	2	2	0	0	0	0	2	1	0	1	2	0	2	0	0	0	0	0	2	0	2	1	0	1	1	2	2	0	0	0	0	1	1	2	1	0	1	0	0	0	2	2	1	1	0	2	0	0	0	0	1	0	1	1	0	1	0	1	0	0	1	2	0	1	1	1	0	1	0	0	0	2	1	0	0	2	0	0	0	1	0	1	1	0	1	0	0	1	2	1	0	0	0	2
97N5269	2	1	0	0	0	0	0	0	0	0	0	0	0	0	2	0	0	0	0	2	0	0	0	2	0	0	0	0	2	1	0	0	0	1	0	2	0	2	0	0	0	0	0	0	0	0	2	0	0	0	1	2	0	0	0	0	0	0	0	0	0	0	0	2	2	0	0	0	0	2	0	0	1	0	0	2	0	0	0	0	0	2	0	2	2	0	1	1	2	1	1	1	0	0	1	1	2	1	1	0	0	0	0	1	0	2	1	1	2	0	0	0	0	1	1	2	1	1	0	0	0	0	0	1	2	0	0	1	1	0	2	2	0	0	2	2	0	0	2	0	0	0	2	2	0	2	0	2	0	0	0	0	1	0	1	0	1
99N0688	2	0	2	0	0	0	0	0	1	1	0	1	0	0	2	0	0	0	2	2	0	0	0	2	0	0	0	0	2	1	2	0	1	0	0	2	0	2	0	0	1	0	0	0	0	0	2	0	0	0	0	1	0	0	0	0	0	1	0	0	0	0	0	2	2	0	0	0	0	2	0	0	2	2	0	2	0	0	0	0	0	2	0	2	1	1	2	0	1	1	0	1	1	0	1	0	2	0	2	0	0	0	0	2	0	1	1	1	2	0	0	0	0	0	1	1	2	0	1	1	1	0	1	1	2	0	0	1	1	1	1	2	1	0	1	1	0	0	2	0	1	1	1	1	1	2	0	2	0	0	0	2	2	0	1	2	1
00N5322	2	0	2	0	0	1	0	0	1	1	0	0	0	0	2	0	0	0	0	2	0	0	0	2	0	0	0	0	1	2	0	0	1	0	0	2	0	2	0	2	0	0	0	0	0	0	2	0	0	0	0	0	0	0	0	0	0	1	0	0	0	0	0	2	2	0	0	0	0	2	0	0	0	0	0	2	0	0	0	0	0	1	0	1	2	0	2	0	2	2	0	1	1	0	1	0	2	1	2	0	0	0	1	1	0	2	2	1	2	NA	0	0	0	0	2	1	0	1	1	1	0	0	1	0	2	0	1	1	0	1	1	1	1	0	NA	1	1	0	2	0	0	0	1	1	1	1	1	1	0	0	0	1	2	0	2	1	2
99N1162	1	1	1	0	0	0	0	0	0	1	0	1	0	0	2	0	0	0	0	2	0	0	0	2	0	0	0	0	2	1	0	0	0	0	1	2	0	2	0	2	0	0	1	0	0	0	2	0	0	0	0	0	0	0	0	1	0	1	0	0	0	0	0	2	2	0	0	0	0	2	0	0	2	1	1	2	0	0	1	0	0	0	0	1	1	1	2	0	1	1	1	1	0	1	1	1	2	0	2	0	0	0	1	1	1	2	2	1	2	0	0	0	0	1	0	2	1	0	0	0	0	0	1	0	2	0	0	0	2	1	1	0	0	0	1	1	0	0	2	0	0	1	1	0	1	2	0	2	1	0	0	2	1	0	2	1	2
06N4619	2	1	2	0	0	0	0	0	1	1	0	0	0	0	2	0	0	0	2	2	0	0	1	2	0	0	0	0	1	0	0	0	1	0	0	2	0	2	0	0	1	0	0	0	0	0	2	0	0	0	0	0	0	0	1	0	0	0	0	0	0	0	0	2	2	0	0	0	0	2	0	0	0	0	0	2	0	0	0	0	0	2	0	0	2	0	1	0	2	1	0	1	0	1	0	0	2	1	2	0	0	0	0	1	0	2	2	2	2	NA	0	0	0	0	1	0	1	1	0	0	1	0	0	1	2	0	1	2	0	0	2	1	1	0	0	1	0	0	2	0	0	0	0	0	1	2	1	2	1	0	0	1	2	0	1	2	2
06N4628	1	0	1	0	0	0	0	0	0	0	0	0	0	0	2	0	0	0	0	2	0	0	0	2	0	0	0	1	2	0	1	0	0	0	0	2	0	2	0	0	1	0	0	1	0	0	2	0	1	0	0	0	0	0	0	0	0	0	0	0	0	0	0	2	2	0	0	0	0	2	0	0	1	0	0	2	0	0	1	0	0	0	0	2	2	2	1	0	2	2	1	0	0	0	1	0	2	0	2	1	0	1	0	1	1	2	1	1	2	0	0	0	0	0	1	1	1	2	0	0	1	0	0	0	2	1	0	0	0	2	2	1	1	2	2	1	0	0	2	0	0	0	1	0	1	0	2	2	0	0	0	1	2	1	0	2	1
06N4633	2	2	1	0	0	0	0	0	0	0	0	0	0	0	2	0	0	0	0	0	0	0	0	2	0	0	0	1	1	0	1	0	1	0	0	2	0	2	0	1	2	0	0	0	0	0	2	0	0	0	0	0	0	0	0	0	0	0	0	0	0	0	0	2	2	0	0	0	0	2	0	0	2	0	1	2	0	0	1	0	0	1	0	2	1	0	2	0	2	2	1	1	0	0	1	0	2	0	2	0	0	0	0	2	2	2	2	0	2	0	1	0	0	0	1	1	0	0	0	1	2	0	0	1	2	0	0	0	1	1	1	1	0	0	1	1	0	0	2	0	0	1	1	2	0	2	1	1	0	0	0	2	1	1	0	2	2
06N4634	2	1	1	0	0	0	0	1	0	1	0	0	0	0	2	0	0	0	0	2	0	0	0	2	0	0	0	0	2	1	0	0	0	0	0	2	0	2	0	1	1	0	0	0	0	0	2	0	0	0	0	0	0	0	1	0	0	0	0	0	0	0	0	2	2	0	0	0	0	2	0	0	2	1	0	2	0	0	0	0	0	1	0	1	1	0	1	0	2	2	0	0	1	0	1	0	2	0	2	1	0	0	0	1	2	2	2	1	2	0	0	0	0	0	0	0	1	0	0	0	1	0	0	0	2	0	1	0	1	1	2	1	1	0	1	1	0	0	2	0	0	1	1	0	0	2	0	2	0	0	0	0	2	1	2	1	1
06N4635	1	0	0	0	0	0	0	0	0	0	0	0	0	0	2	0	0	0	1	2	0	0	0	2	0	0	0	1	2	1	0	0	1	0	1	2	0	2	0	1	0	1	0	0	0	0	2	0	0	0	2	0	0	0	1	1	1	1	0	0	0	0	0	2	2	0	0	0	0	2	0	0	1	0	0	2	0	0	1	0	0	1	0	2	2	1	2	1	2	2	1	2	1	1	2	0	2	0	1	1	0	0	0	1	0	2	1	1	2	0	0	0	0	0	1	2	0	0	0	1	1	0	0	1	2	0	0	0	1	1	0	1	0	1	1	1	0	0	2	0	0	0	1	0	1	0	0	0	0	0	1	1	2	0	1	1	0
99N1157	1	0	1	0	0	0	0	0	1	0	0	1	0	0	2	0	0	0	0	2	0	0	2	2	0	0	0	1	2	1	1	0	0	0	0	2	0	2	0	0	0	0	0	0	0	0	2	0	0	0	2	0	0	0	0	0	0	2	0	0	0	0	0	2	2	0	0	0	0	2	0	1	2	1	0	2	0	0	0	0	0	1	0	1	1	1	1	0	2	2	1	2	1	0	2	0	2	2	1	1	0	0	0	1	1	2	2	0	2	0	0	0	0	1	0	1	0	0	1	1	1	0	0	0	2	0	0	0	1	1	1	2	0	0	2	2	0	0	2	0	0	0	2	0	1	1	0	1	0	0	0	0	2	0	2	1	2
99N1159	2	1	1	0	0	0	0	1	1	1	0	1	0	0	2	0	0	0	0	2	0	0	0	2	0	0	0	0	2	2	0	NA	0	0	0	2	0	2	0	0	2	0	0	1	0	0	2	0	0	0	1	0	0	0	0	0	0	1	0	0	0	0	0	2	2	0	0	0	0	2	0	0	0	0	2	2	0	0	1	0	0	2	0	1	1	0	2	0	2	2	0	0	1	0	2	0	2	2	2	1	0	0	0	2	0	2	2	0	2	0	0	0	0	1	0	1	1	1	0	0	1	0	0	1	2	0	0	1	0	0	1	2	1	0	0	2	0	0	2	0	0	0	0	1	0	0	1	2	0	1	0	0	2	1	2	1	2
99N1160	1	2	2	0	0	1	0	0	0	1	0	1	0	0	2	0	0	0	2	2	0	0	0	2	0	0	0	0	2	1	0	0	0	0	0	2	0	2	0	0	0	0	0	0	0	0	2	0	0	0	1	0	0	0	0	0	0	0	0	0	0	0	0	2	2	0	0	0	0	2	0	0	2	0	0	2	0	0	0	0	0	2	0	2	0	0	1	0	2	2	1	0	0	0	1	0	2	2	2	0	0	0	0	1	0	2	2	0	2	NA	2	0	0	1	0	0	0	1	0	0	0	0	0	1	2	0	0	0	1	1	0	1	1	2	1	1	0	0	2	0	0	0	1	1	2	2	1	2	1	0	0	0	2	1	1	0	1
99N1161	2	1	2	0	0	0	0	0	0	0	0	0	0	0	2	0	0	0	0	2	0	0	0	2	0	0	0	2	0	2	0	0	1	0	0	2	0	2	0	1	0	0	0	0	0	0	1	0	0	0	0	0	0	0	0	0	0	0	0	0	0	0	0	2	2	0	0	0	0	1	0	0	1	1	0	2	0	0	0	0	0	1	0	1	1	0	1	0	2	2	1	0	0	0	1	0	2	0	0	1	0	1	0	1	1	2	2	1	2	0	0	0	0	0	2	1	0	0	1	1	0	0	1	1	2	0	1	0	1	0	1	2	0	0	1	2	0	0	2	0	0	1	1	1	1	1	1	1	0	0	0	0	1	0	0	2	1
14N0241	2	2	2	0	1	0	0	0	2	0	0	0	0	0	2	0	0	0	0	2	0	0	0	2	0	0	0	1	1	0	1	0	0	0	0	2	0	2	0	0	1	0	0	0	0	0	2	1	0	0	0	1	0	0	0	0	0	1	0	0	0	0	1	2	2	0	0	0	0	2	0	0	2	1	0	1	0	0	0	0	0	2	0	2	1	1	0	1	2	2	0	1	1	1	1	0	2	0	0	0	0	0	1	2	0	0	2	0	2	0	0	0	0	0	0	0	0	1	0	0	0	0	0	1	2	0	0	1	1	2	1	2	2	0	2	2	1	0	2	0	0	0	1	0	1	0	1	2	0	1	1	2	2	0	0	1	2
14N0242	1	1	2	0	0	0	0	0	0	0	0	0	0	0	2	0	0	0	0	2	0	0	0	2	0	0	0	1	1	1	1	0	0	0	0	2	0	2	0	2	1	0	0	0	0	0	2	0	0	0	1	0	0	0	0	0	0	0	0	0	0	0	0	2	2	0	0	0	0	2	0	0	1	0	1	2	0	0	0	0	0	2	0	2	2	0	2	0	2	1	0	1	0	0	1	1	2	1	1	1	0	0	0	2	1	2	2	0	2	0	0	0	0	0	0	2	0	2	0	0	0	0	1	1	2	1	0	0	1	0	1	1	0	0	1	1	0	0	2	0	0	1	1	1	0	0	1	2	1	0	0	2	2	0	1	0	1
14N0282	2	0	0	0	0	0	0	0	0	2	0	2	0	0	1	0	0	0	0	2	0	0	0	1	0	0	0	0	2	1	0	0	1	0	0	2	0	1	0	2	0	0	0	1	0	0	2	0	0	0	0	2	1	0	0	0	0	1	0	1	0	2	2	2	2	0	0	0	0	2	0	0	2	0	1	2	0	0	0	0	0	0	0	0	2	0	1	0	1	2	1	1	0	0	0	0	2	1	2	0	0	0	0	2	2	1	2	2	2	0	0	0	0	1	0	0	1	1	2	1	0	0	1	1	2	0	0	0	1	0	0	1	0	0	0	0	0	0	2	0	0	1	1	1	0	2	1	2	1	1	0	0	1	0	1	0	0
14N0283	2	2	1	0	0	0	0	0	0	1	0	0	0	0	2	0	1	0	0	2	0	0	0	1	0	0	0	1	2	0	1	0	0	0	0	2	0	2	0	0	0	0	0	0	0	0	2	0	0	0	1	0	0	0	0	0	0	0	0	0	0	0	0	2	2	0	0	0	0	2	0	0	1	2	0	2	0	0	2	0	0	0	0	1	1	0	2	0	2	1	2	1	0	0	1	0	2	1	1	1	0	0	0	1	1	2	1	0	2	0	1	0	0	0	1	0	2	0	0	2	1	0	1	0	2	0	0	0	0	2	1	2	1	0	1	0	0	0	1	1	0	0	1	1	1	2	2	2	0	2	0	0	1	0	1	0	0
14N0284	2	0	2	0	0	0	0	0	0	0	0	0	0	0	1	0	0	0	0	2	0	0	1	2	0	0	0	0	2	1	0	0	1	0	0	2	0	2	0	0	0	0	0	0	0	1	2	0	0	0	0	0	0	0	1	0	0	0	0	0	0	1	0	2	2	0	0	0	0	2	0	0	2	0	0	2	1	0	0	0	0	2	0	0	1	0	2	0	2	2	1	1	0	0	1	0	2	0	2	1	0	0	0	1	1	2	1	1	2	0	2	0	0	0	1	0	0	1	1	1	1	0	1	0	2	0	0	0	1	0	1	0	0	0	0	0	0	0	2	0	0	0	0	0	0	2	1	1	1	0	0	1	1	0	0	0	0
14N0285	1	1	2	0	0	0	0	0	0	0	0	0	0	0	2	0	0	0	1	2	0	0	1	2	0	1	2	0	1	2	0	0	0	0	0	2	0	2	0	2	0	0	0	0	0	0	2	0	0	0	1	1	0	0	0	0	0	0	0	0	0	0	0	2	2	0	0	0	0	2	1	0	1	1	0	2	0	0	1	0	0	1	0	0	1	0	2	0	2	2	0	1	0	0	1	0	2	0	1	0	0	0	0	1	1	2	2	1	2	0	0	0	0	0	2	1	0	2	0	0	0	0	0	1	2	1	0	0	1	0	0	1	0	0	2	1	0	0	2	0	0	0	0	0	0	0	0	2	0	0	0	1	1	1	2	0	1
14N0286	2	0	1	0	0	0	0	0	2	0	0	1	0	0	2	0	0	0	1	2	0	0	1	2	0	0	1	0	0	0	1	0	1	0	0	2	0	2	0	0	0	0	0	0	0	0	1	0	0	0	0	0	0	0	0	0	0	0	0	1	0	0	0	2	2	0	0	0	0	2	0	0	1	0	0	2	0	0	0	0	0	2	0	2	0	0	2	0	2	2	1	1	0	0	2	0	2	0	1	1	0	0	0	1	0	2	2	2	2	0	1	0	0	1	0	0	0	1	0	2	1	0	0	1	2	0	1	0	0	1	1	2	0	0	1	2	0	0	2	0	0	0	0	0	0	1	2	2	1	0	1	1	2	0	0	0	2
15N0132	1	2	2	0	0	0	0	0	0	1	0	0	0	0	2	0	0	0	2	2	0	0	0	2	0	0	0	0	2	1	0	0	1	0	1	2	0	1	0	2	0	0	0	0	0	0	2	0	0	0	0	0	1	0	0	0	0	1	0	0	0	0	0	2	2	0	0	0	0	2	0	0	2	1	1	2	0	0	0	0	0	2	0	1	1	1	2	0	2	2	0	1	0	1	0	0	2	1	0	0	0	1	0	2	1	2	1	2	2	0	0	0	0	0	0	2	0	0	0	1	0	0	0	1	2	0	2	0	0	0	2	1	1	0	2	1	0	0	2	0	0	0	1	0	2	2	0	1	1	0	0	1	2	0	1	1	0
15N0192	1	0	2	0	1	0	0	0	0	0	0	0	0	0	2	0	1	0	1	2	0	0	0	2	0	0	0	0	1	1	0	0	0	0	0	2	0	2	1	0	1	0	0	1	0	0	2	1	0	0	1	1	0	0	0	0	0	1	0	0	0	0	0	2	2	0	0	0	0	2	0	0	1	0	0	2	1	0	1	0	0	1	0	2	0	1	2	2	2	2	1	1	0	0	1	0	2	0	2	1	0	0	0	1	0	2	1	0	2	0	1	0	0	0	1	0	0	0	0	0	0	0	0	0	2	1	2	1	0	1	2	1	1	0	1	1	1	0	2	0	0	0	0	1	0	2	1	2	0	1	0	0	0	1	1	1	1
08N1182	0	0	1	0	0	0	0	0	0	1	0	0	0	1	1	0	1	0	0	0	0	0	0	0	0	0	0	0	2	1	0	1	0	0	0	0	0	2	0	1	0	1	0	0	0	0	2	2	0	0	2	1	0	0	0	0	2	0	0	1	0	1	0	0	0	0	2	0	0	0	1	0	2	1	0	1	0	0	0	0	0	1	0	0	0	0	2	0	0	0	1	1	0	0	0	0	0	0	0	0	0	0	0	0	0	1	2	0	0	0	0	0	0	0	0	0	0	0	0	2	0	0	0	1	0	0	0	0	1	0	1	0	0	0	0	0	1	0	0	0	0	0	0	1	0	0	0	0	2	0	0	0	0	0	0	1	0
7039	1	0	2	0	0	0	0	1	1	0	0	1	0	0	2	0	0	0	0	2	0	0	1	2	0	0	0	1	1	0	0	0	1	0	0	2	0	2	0	2	0	0	0	0	0	0	2	0	0	0	0	1	0	0	0	0	0	0	0	1	0	0	0	2	2	0	0	0	0	2	0	0	2	0	1	2	0	0	0	0	0	2	0	1	2	1	1	0	1	2	0	2	0	0	1	0	2	2	2	2	0	0	0	1	1	2	2	1	2	NA	0	0	0	1	0	1	0	2	1	0	1	0	0	1	2	1	0	1	1	1	0	2	1	0	2	2	0	0	2	0	0	2	2	2	0	2	0	2	1	0	1	0	2	1	1	1	2
02N8790	1	1	1	0	0	0	0	1	0	2	0	1	0	0	2	0	0	0	1	2	0	0	0	2	0	0	0	1	2	2	1	0	1	0	0	2	0	2	0	0	0	1	0	0	0	0	2	0	0	0	2	0	0	0	0	0	1	1	0	0	0	0	0	2	2	0	1	0	0	2	0	0	2	2	0	2	0	0	0	0	0	0	1	0	0	1	2	0	1	2	0	1	0	0	2	0	2	1	0	1	0	0	0	2	0	1	1	2	2	0	0	0	0	1	0	1	0	1	1	0	1	0	0	0	2	1	1	0	0	0	1	1	0	0	1	1	0	0	2	0	0	0	0	1	0	1	1	2	1	0	0	1	1	1	0	2	2
02N8792	0	2	0	0	0	0	0	0	0	1	0	0	0	0	1	0	0	0	0	2	0	0	1	2	0	0	0	1	1	1	0	0	2	0	0	2	0	2	0	1	0	1	0	1	0	0	2	1	0	0	0	0	0	0	0	0	0	1	0	1	0	0	2	2	2	0	0	0	0	2	0	0	2	0	0	2	0	0	0	0	0	0	0	2	0	0	2	0	1	2	0	2	0	0	0	0	2	2	1	0	0	0	0	2	0	2	2	1	2	0	1	0	0	0	0	0	0	1	0	2	1	0	0	1	2	0	0	0	0	1	2	1	1	0	1	1	0	0	2	0	0	1	0	0	2	0	0	1	0	0	0	0	2	1	0	0	1
02N8801	1	2	2	0	0	0	0	0	1	1	0	0	0	0	2	0	0	0	0	2	0	0	0	2	0	0	0	2	1	1	1	0	2	0	0	2	0	2	0	0	2	0	0	0	0	0	1	0	0	0	0	0	0	0	0	1	0	1	0	0	0	0	0	2	2	0	0	0	0	2	0	0	2	0	1	2	0	0	0	0	0	1	1	2	1	1	1	0	2	2	1	0	0	0	2	0	2	0	2	1	0	0	1	0	1	1	2	0	2	0	0	1	1	0	1	NA	0	0	0	0	1	0	0	2	2	0	1	0	0	1	1	1	0	0	1	1	1	0	2	0	0	1	0	1	0	0	0	2	2	0	0	0	1	1	0	1	1
02N8803	1	0	2	0	0	0	0	0	1	1	0	1	0	0	2	0	0	0	0	2	0	0	0	2	0	0	0	1	1	1	0	0	2	0	0	2	0	2	0	1	0	0	0	0	0	0	2	0	0	0	2	0	0	0	0	0	0	1	0	0	0	0	0	2	2	0	0	0	0	2	0	0	2	0	0	2	0	0	1	0	0	2	0	2	0	0	1	0	2	2	1	0	2	1	1	1	2	0	2	0	0	0	0	0	1	2	0	2	2	0	0	0	0	0	1	1	1	1	0	0	0	0	1	0	2	0	0	0	0	0	2	0	1	0	1	1	1	0	2	0	0	1	1	0	1	0	0	1	1	0	1	1	0	0	1	1	0
02N8805	1	1	1	0	0	0	0	0	1	1	1	1	0	0	2	0	0	0	0	2	0	0	1	1	0	0	0	1	2	1	0	0	2	0	0	1	0	2	0	1	0	0	0	0	1	0	2	0	0	1	0	0	1	0	0	0	0	0	0	0	0	0	0	1	1	0	0	0	0	2	0	0	0	1	0	1	0	0	1	0	0	1	0	1	1	1	2	2	2	2	0	0	0	0	1	0	2	0	2	0	0	0	1	1	0	2	0	1	2	0	0	0	0	2	1	0	0	1	0	0	0	0	0	1	2	0	0	0	0	0	0	1	2	0	2	1	0	1	1	0	0	1	1	1	0	0	1	2	1	1	0	1	0	0	0	0	1
02N8807	2	1	0	0	0	0	0	1	0	2	0	0	0	0	2	0	0	0	1	2	0	0	1	2	0	0	0	1	0	1	2	1	1	0	0	2	0	2	0	1	1	0	0	0	0	0	2	0	0	0	0	1	1	0	1	0	0	0	0	0	0	0	0	2	2	0	0	0	0	2	0	1	2	0	0	2	0	0	0	0	0	1	0	2	1	0	2	0	2	2	1	0	0	0	0	0	2	0	1	0	0	0	0	1	0	2	0	0	2	0	0	0	0	1	0	1	0	0	0	0	1	0	1	1	2	0	1	0	0	0	0	1	0	0	1	1	0	0	2	0	0	0	1	1	1	2	0	0	0	0	0	1	1	0	1	2	0
02N8811	0	0	2	0	0	0	0	1	0	1	0	2	0	1	2	0	0	0	0	2	0	0	0	2	0	1	0	1	0	1	0	0	2	0	0	2	0	2	0	2	0	0	0	0	0	0	2	1	0	0	1	0	0	0	0	0	0	0	0	0	0	0	0	2	2	0	0	0	0	2	0	0	0	1	0	2	0	0	0	0	0	2	0	2	1	0	1	0	2	1	1	0	0	0	2	1	2	0	2	0	0	0	0	2	0	2	2	1	2	0	0	0	0	0	1	0	1	2	0	1	1	0	0	0	2	0	0	0	0	0	0	0	0	0	2	0	0	0	2	0	0	0	2	0	0	2	0	2	0	0	0	0	1	0	2	1	0
02N8816	1	0	1	0	0	0	0	0	1	2	0	0	0	0	2	0	0	0	0	2	0	1	0	2	0	0	0	0	2	NA	2	0	2	0	0	2	1	2	0	1	1	0	0	0	0	0	2	1	0	0	0	0	0	0	0	0	0	0	0	1	0	0	0	2	2	0	0	0	0	2	0	0	2	0	0	2	0	0	0	0	0	2	0	1	1	0	2	1	2	2	1	0	0	0	1	0	1	1	1	0	0	0	0	1	0	0	1	1	2	0	0	0	0	0	0	1	0	0	1	2	1	0	1	2	2	0	0	0	0	1	1	0	1	0	2	0	0	0	2	0	0	0	1	0	1	2	1	1	1	0	0	0	0	0	2	1	0
02N8827	1	0	2	0	0	0	0	0	1	1	0	1	0	0	2	0	0	0	0	2	0	0	1	2	0	1	0	2	1	0	1	0	1	0	0	2	0	2	0	1	0	0	0	0	0	0	2	0	0	0	0	0	0	0	0	0	0	1	0	0	0	0	0	2	2	0	0	0	0	2	0	0	2	0	1	2	0	0	0	0	0	2	0	2	1	0	2	0	2	2	1	1	0	0	0	1	2	0	2	0	0	0	0	2	1	2	1	0	2	1	1	0	0	0	2	1	0	0	0	1	1	0	1	2	2	0	0	0	1	2	2	1	0	0	2	1	1	0	2	0	0	1	1	1	0	0	0	2	1	0	0	0	1	0	2	2	0
02N8829	1	2	2	0	0	0	0	0	0	1	0	2	0	1	2	0	0	0	NA	2	0	0	0	2	0	0	0	0	1	2	0	0	1	0	0	2	0	2	0	2	1	0	0	0	0	0	2	0	0	0	2	0	0	0	0	0	0	0	0	0	0	0	0	2	2	0	0	0	0	2	0	0	2	0	0	2	0	0	0	0	0	2	0	2	0	0	2	0	2	2	2	1	0	0	0	0	1	0	2	1	0	0	1	1	0	1	1	0	2	0	2	0	0	0	1	0	1	2	1	1	0	0	1	1	2	0	0	0	0	1	2	2	0	0	2	2	0	0	2	0	0	1	1	0	0	0	0	2	0	0	0	1	2	0	0	2	0
08N23341	1	2	2	0	0	0	0	0	1	0	0	1	0	0	2	0	0	0	1	2	0	0	0	2	0	1	0	0	2	1	1	0	2	0	0	2	0	2	0	1	0	0	0	0	0	0	2	0	0	0	1	0	0	0	0	0	0	0	0	0	0	0	0	2	2	0	0	0	0	1	0	0	1	1	0	2	0	0	0	0	0	0	0	2	1	1	1	0	1	2	0	1	0	0	0	0	1	0	1	0	0	0	0	2	0	1	1	0	2	1	0	0	0	0	1	0	0	1	0	1	2	0	0	0	2	0	1	0	0	1	1	0	0	0	1	0	0	0	2	0	0	0	1	0	1	1	1	2	2	0	0	1	0	1	0	2	2
05N8693	0	0	0	0	0	0	0	0	0	1	2	0	0	0	2	0	2	0	1	0	0	0	0	0	0	0	0	1	0	0	1	0	2	0	0	0	0	2	0	0	0	0	0	1	0	0	2	0	0	0	0	0	0	0	0	0	2	0	0	0	0	0	0	0	0	0	2	0	0	0	0	0	1	0	0	1	0	0	0	0	0	1	0	0	0	0	2	0	0	0	1	0	0	0	0	0	0	0	0	1	0	1	1	0	0	1	2	0	0	0	1	0	0	0	0	0	0	0	0	1	0	0	1	0	0	0	0	0	1	0	0	0	0	0	0	0	1	2	0	0	0	0	0	0	0	0	0	0	1	0	0	0	0	0	0	0	0
06N0762	0	0	2	0	1	1	0	0	0	0	1	0	0	0	2	0	0	0	0	0	0	0	1	0	0	0	0	1	2	2	2	1	2	0	1	0	0	2	0	1	1	0	0	0	0	0	2	0	0	1	0	0	0	0	0	0	2	0	0	0	0	0	0	0	0	0	1	0	0	0	0	0	2	1	0	0	0	1	1	0	0	2	0	0	0	0	1	0	0	0	0	1	1	0	0	0	1	0	0	0	0	0	0	0	0	1	1	0	0	1	0	1	0	0	0	0	0	0	0	2	0	0	2	0	1	0	0	0	0	0	0	0	0	0	0	0	1	1	0	0	1	0	0	0	0	0	0	0	1	0	0	0	0	0	0	0	0
06N1404	0	0	0	0	0	1	1	0	1	0	1	0	0	0	2	1	0	0	0	0	0	0	0	0	1	2	0	0	1	1	1	0	2	0	0	0	0	1	0	0	0	0	0	0	1	0	2	2	0	1	0	0	0	0	1	1	1	0	0	0	1	0	0	0	1	0	1	0	0	0	0	0	2	1	0	0	1	0	0	0	0	1	0	0	0	0	2	0	0	2	1	1	0	0	0	0	0	0	0	0	1	0	0	0	0	0	2	0	0	0	0	0	0	0	0	0	0	0	0	1	0	1	0	0	0	0	0	0	0	1	0	0	0	0	0	0	0	2	0	1	0	0	0	0	0	0	0	0	1	0	0	0	0	0	0	0	0
06N1475	0	0	1	0	0	0	0	0	0	0	1	0	0	0	2	0	0	0	1	1	0	0	0	0	0	0	0	1	2	2	1	0	2	0	1	0	0	1	0	0	0	0	1	0	0	0	1	2	0	0	0	0	0	0	0	1	2	1	0	0	1	0	0	0	0	0	2	0	0	0	0	0	2	1	0	0	0	0	0	0	0	2	0	0	0	0	1	0	0	1	2	0	0	0	0	0	1	0	0	1	0	0	0	0	0	1	1	0	0	0	0	0	1	0	0	0	0	1	0	2	0	0	1	0	0	0	0	0	1	2	0	0	0	0	0	0	1	1	0	0	0	0	0	0	0	1	0	0	0	0	0	0	0	0	0	1	0
07N1314	1	0	1	0	0	0	0	0	0	0	2	0	0	1	1	0	2	0	0	0	0	0	0	0	0	0	0	0	2	NA	0	0	1	0	0	0	0	2	0	0	0	0	0	0	1	1	2	2	0	1	2	1	1	0	0	0	1	1	1	0	0	0	0	0	0	0	1	0	0	0	0	0	2	0	0	0	0	0	0	0	0	2	0	0	0	0	2	0	0	1	0	0	0	2	0	0	0	0	0	0	0	0	0	0	0	0	0	0	0	0	0	0	0	0	0	0	0	0	0	2	0	0	1	0	0	0	0	0	0	0	0	0	0	0	1	0	1	2	0	0	0	0	0	0	0	0	0	0	0	0	0	1	0	0	1	0	0
08N1304	0	0	1	0	0	1	0	0	0	1	2	0	0	0	2	0	0	0	1	0	0	0	0	0	0	0	0	0	2	0	1	0	2	0	0	0	0	1	0	1	0	1	0	0	1	0	1	0	0	0	1	1	0	1	0	0	1	0	0	0	0	1	2	0	0	0	1	0	0	1	0	0	1	1	0	0	0	0	1	0	0	1	1	0	0	0	1	0	0	1	2	1	0	1	0	0	0	0	1	0	0	0	0	0	0	0	1	0	0	0	1	0	0	0	0	0	0	1	0	2	0	1	0	0	0	0	0	0	0	0	2	0	0	0	1	0	1	2	0	0	0	0	0	0	0	0	0	0	1	0	0	0	0	0	1	1	0
08N1379	0	0	1	1	1	0	0	1	0	2	2	0	0	0	2	0	1	0	0	1	1	0	0	0	0	0	1	0	0	NA	0	0	2	0	1	0	0	0	0	1	1	0	0	2	0	1	2	1	0	0	0	0	0	0	0	1	2	0	0	0	0	0	0	0	0	0	2	1	0	0	0	0	2	1	1	0	0	0	1	0	0	2	0	0	0	0	2	0	0	1	1	0	0	0	0	0	0	0	0	1	0	0	0	0	0	0	0	0	0	0	0	0	0	0	0	0	0	0	0	2	0	0	0	0	0	0	0	0	0	2	1	0	0	0	0	0	2	2	0	0	0	0	0	0	0	0	0	0	1	0	0	0	0	0	0	0	0
08N1663	0	1	0	0	0	0	0	0	0	0	2	0	0	0	2	0	0	0	0	0	0	0	0	0	0	0	0	0	0	1	1	0	2	1	1	0	0	1	0	0	0	0	0	0	1	0	2	2	0	1	0	0	1	0	0	0	1	0	0	0	0	1	0	0	0	0	1	0	0	0	0	0	2	0	1	0	0	0	0	0	0	2	0	0	0	0	2	0	0	2	1	1	0	0	0	0	0	0	0	1	0	0	0	0	0	1	1	0	0	0	0	0	0	0	0	0	0	0	0	2	2	1	1	0	0	0	0	0	1	0	0	0	0	0	0	0	1	2	0	0	0	0	0	0	0	0	0	0	0	0	0	0	0	0	0	1	0
08N1665	0	1	1	0	0	0	0	0	0	0	1	0	0	0	2	0	0	0	0	0	0	0	1	0	0	0	1	1	2	1	0	0	2	0	0	0	0	0	0	0	0	0	0	0	0	0	2	0	0	0	0	1	0	0	1	1	1	0	0	0	0	0	0	0	0	0	1	0	0	0	0	0	1	0	0	1	0	0	1	0	0	2	0	0	0	0	2	0	0	0	1	0	1	1	0	0	0	1	0	0	0	0	0	0	0	1	1	0	0	0	0	0	0	0	1	0	0	0	0	1	0	0	0	0	0	0	0	0	0	0	1	0	0	0	0	0	0	2	0	0	0	0	0	0	0	0	0	0	0	0	0	0	0	0	0	0	0
00N5479	2	1	2	0	0	0	0	1	1	0	0	2	0	0	2	0	1	0	0	2	0	0	1	2	0	0	0	1	2	1	1	0	2	0	0	2	0	2	0	1	0	0	0	0	0	0	2	0	0	0	2	0	0	0	0	0	0	0	0	1	0	0	0	2	2	0	0	0	0	2	0	1	1	0	0	2	0	0	0	0	0	2	0	2	2	0	0	2	2	1	1	1	0	1	1	2	2	1	1	1	0	0	0	2	2	2	1	0	2	0	0	0	0	2	2	1	2	0	1	0	0	0	0	2	2	0	0	0	0	1	1	2	0	2	1	2	0	0	2	0	0	0	2	0	1	2	0	2	0	0	0	1	1	1	1	0	1
00N5480	2	2	1	0	0	0	0	0	0	0	0	1	0	0	2	0	0	0	0	2	0	0	0	2	0	0	0	0	1	1	0	0	2	0	0	2	0	2	0	0	0	0	0	0	0	0	2	0	0	0	0	0	0	0	0	0	0	0	0	1	0	0	0	2	2	0	0	0	0	2	0	0	1	0	0	2	0	0	0	0	0	2	0	1	2	1	2	0	2	2	0	0	0	1	2	0	1	2	2	0	0	0	0	2	0	2	2	1	2	0	0	0	0	0	2	2	1	1	0	1	0	0	1	1	1	1	0	0	1	1	0	1	0	0	1	1	0	0	2	0	0	1	1	1	0	0	1	2	1	0	0	1	0	0	0	0	1
00N5481	2	1	1	0	0	0	0	1	0	0	0	1	0	0	2	0	0	0	2	2	0	0	0	2	0	0	0	0	2	0	0	0	2	0	0	2	0	2	0	2	1	0	0	0	0	0	2	0	0	0	0	0	0	0	0	0	0	0	0	0	0	0	1	2	2	0	0	0	0	2	0	0	0	0	1	2	0	0	0	0	0	2	0	1	1	1	1	1	2	2	1	1	0	0	0	0	2	1	2	1	0	0	0	2	1	2	1	0	2	0	0	0	0	2	1	1	2	0	2	0	1	0	0	2	2	0	0	0	1	2	0	1	1	2	2	1	0	0	2	0	0	0	0	0	2	2	0	2	0	0	1	1	1	0	0	1	1
00N5482	2	2	2	0	0	0	0	1	1	1	0	0	0	0	2	0	0	0	2	2	0	0	0	2	0	0	0	0	2	1	0	0	2	0	0	2	0	2	0	2	0	0	0	0	0	0	2	0	0	0	1	0	0	0	0	0	0	0	0	0	0	0	1	2	2	0	0	0	0	2	0	0	0	0	0	2	0	0	0	0	0	2	0	1	2	1	1	1	2	2	0	1	0	0	0	1	2	2	2	1	0	0	0	2	1	2	1	0	2	0	0	0	0	2	1	1	1	0	1	0	1	0	0	2	2	0	0	0	1	1	0	1	1	2	1	1	0	0	2	0	0	0	1	0	2	2	0	2	0	0	1	2	2	1	1	1	1
00N5483	1	2	1	0	0	0	0	0	0	0	0	1	0	0	1	0	0	0	2	2	0	0	1	2	0	1	0	1	1	0	0	0	1	0	0	2	0	2	0	1	0	0	0	0	0	0	2	0	0	0	0	1	0	0	0	0	0	1	0	2	0	0	1	2	2	0	0	0	0	2	0	0	1	1	0	2	0	0	0	0	0	2	0	1	1	0	1	2	2	1	1	0	0	1	0	0	2	1	1	0	0	0	0	2	0	2	2	0	2	0	0	0	0	0	0	2	1	1	1	0	0	0	0	2	2	1	1	0	1	0	0	2	0	0	1	1	0	0	2	0	0	1	1	1	0	0	2	2	0	0	0	0	1	0	0	1	2
00N5484	2	1	0	0	0	0	0	0	2	1	0	0	0	0	2	0	0	0	0	2	0	0	0	2	0	0	0	0	2	0	0	0	1	0	0	2	0	2	0	2	1	0	0	0	0	0	2	0	0	0	0	0	0	0	0	0	0	1	0	0	0	0	0	2	2	0	0	0	0	2	0	0	2	2	0	2	0	0	1	0	0	2	0	2	1	0	1	1	2	2	1	1	0	0	1	0	2	1	2	1	0	0	0	1	0	2	2	2	2	0	0	0	0	1	0	1	1	2	0	1	1	0	0	2	2	0	2	0	1	1	2	1	1	0	2	1	0	0	2	0	0	1	2	0	1	2	1	2	0	0	0	1	1	0	1	0	1
00N5485	2	1	1	0	0	0	0	0	1	2	1	0	0	0	2	0	0	0	1	2	0	0	1	1	0	0	0	0	2	NA	0	0	1	0	0	1	0	1	0	1	1	0	0	0	1	0	2	0	0	1	1	0	0	0	0	0	0	1	0	0	0	0	0	1	1	0	0	0	0	2	0	0	2	1	0	1	0	0	0	0	0	2	0	2	1	0	0	0	2	2	2	1	1	0	1	0	2	1	1	2	0	0	0	0	0	2	2	1	2	0	0	0	0	0	0	1	2	1	1	2	1	0	0	1	2	0	1	0	0	1	1	1	0	0	2	1	0	1	1	0	0	1	2	1	0	2	0	2	0	0	0	1	1	0	2	0	0
00N5486	2	1	1	0	0	0	0	0	0	0	0	0	0	0	2	0	0	0	0	2	0	0	1	2	0	0	0	0	2	1	0	0	2	0	0	2	0	2	0	1	2	0	0	0	0	0	2	0	0	0	0	0	0	0	0	0	0	0	0	1	0	0	1	2	2	0	0	0	0	2	0	0	1	0	0	2	0	0	1	0	0	2	0	1	2	0	2	1	1	2	0	2	2	0	1	0	2	2	2	1	0	0	0	2	0	2	1	1	2	0	2	0	0	2	0	1	1	0	0	0	0	0	0	2	2	0	1	0	1	0	1	0	1	0	2	0	0	0	2	0	0	0	1	0	0	0	1	2	1	0	0	1	2	0	2	1	0
08N22058	1	1	1	0	0	0	0	0	0	1	0	1	0	0	2	0	0	0	2	2	0	0	0	2	0	0	0	1	0	NA	1	0	2	0	0	2	0	2	0	0	1	0	1	0	0	0	2	1	0	0	0	1	1	0	0	0	0	2	0	1	0	0	0	2	2	0	0	0	0	2	0	1	2	0	0	2	0	0	0	0	0	2	0	2	0	0	1	0	2	2	2	2	0	1	1	1	2	0	0	1	0	0	0	1	0	2	2	1	2	0	1	0	0	1	0	0	0	1	0	0	0	0	1	0	2	0	1	1	0	0	1	2	1	0	2	2	0	0	2	0	0	0	2	1	0	2	1	1	1	0	0	0	2	0	2	1	2
10N16953	1	0	1	0	0	0	0	0	0	1	0	1	0	0	1	0	0	1	1	2	0	0	0	2	0	0	0	2	0	1	0	0	1	0	0	2	0	2	0	2	1	0	0	0	0	0	2	0	0	0	0	0	0	0	0	0	0	0	0	1	0	0	0	2	2	0	0	0	0	2	0	0	2	0	0	2	0	0	0	0	0	1	0	2	2	0	0	0	1	2	0	0	0	1	2	0	1	0	2	1	0	0	0	0	2	2	2	2	2	0	0	0	0	1	1	2	0	1	1	0	2	0	0	1	2	1	1	1	2	0	0	1	0	1	2	1	0	0	2	0	0	2	2	1	1	2	1	2	0	1	0	1	2	0	0	1	2
10N16968	2	2	2	0	0	0	0	0	1	0	0	1	0	0	2	0	0	0	0	2	0	0	0	2	0	0	0	1	2	2	1	0	2	0	0	2	0	2	0	1	2	0	0	0	0	0	2	0	0	0	0	1	0	0	0	0	0	0	0	0	0	0	0	2	2	0	0	0	0	2	0	0	2	1	0	2	0	0	0	0	0	1	0	2	2	1	1	0	2	1	1	0	0	0	1	1	2	1	2	0	0	0	0	1	1	2	2	0	2	0	0	0	0	2	0	2	0	2	1	0	1	0	0	0	2	0	0	1	1	0	2	1	0	2	1	1	0	0	2	0	0	1	2	1	0	2	0	2	0	0	0	1	1	1	0	1	1
96N0277	1	0	1	0	0	0	0	1	1	1	1	0	0	0	2	0	0	1	0	0	0	0	0	0	0	0	0	0	1	NA	0	0	2	1	0	0	0	1	1	0	0	0	0	0	0	0	0	1	0	0	1	0	0	0	0	0	1	0	0	1	0	0	0	0	1	0	1	0	0	0	0	0	1	0	0	1	1	0	1	1	0	2	0	0	0	0	2	0	0	2	1	1	0	0	0	0	0	1	0	0	0	1	0	0	0	0	2	0	0	0	0	1	0	0	0	0	0	0	0	2	0	0	0	0	0	0	0	0	0	2	2	0	0	0	0	0	0	1	0	0	0	0	0	0	0	0	0	0	0	0	0	0	0	0	0	0	0
96N0278	1	0	2	0	0	0	0	0	0	1	2	1	0	0	2	0	0	0	2	0	0	0	0	0	0	1	1	0	0	1	1	0	1	0	0	0	0	2	0	1	0	1	1	0	0	0	1	0	1	0	1	1	0	0	0	0	2	0	0	0	0	0	0	0	0	0	2	0	0	0	0	0	2	1	2	0	0	0	0	0	0	2	0	0	0	0	2	0	1	1	1	1	0	0	0	0	0	1	0	0	0	0	0	0	0	0	1	0	0	0	0	0	0	0	0	0	0	0	0	2	0	0	1	2	0	0	0	0	0	1	1	0	0	0	0	0	2	2	0	0	0	0	0	0	0	0	0	0	0	1	0	0	0	0	0	2	0
96N0279	0	2	0	0	0	0	0	0	0	0	1	0	0	0	2	0	0	0	0	0	1	0	0	0	0	0	0	0	2	1	1	0	1	1	0	1	0	2	0	0	0	1	0	0	1	0	2	0	1	1	0	1	0	1	0	0	1	0	0	0	0	0	1	0	1	0	1	0	0	0	0	0	1	0	1	0	1	0	0	1	0	2	0	1	0	0	2	0	0	1	2	0	0	0	0	0	0	0	0	0	0	0	0	0	0	0	1	0	0	0	0	0	1	0	0	0	0	0	0	2	1	0	1	1	0	0	0	0	0	1	1	0	0	0	1	0	1	2	1	1	0	0	1	0	0	2	0	0	0	0	1	1	0	0	1	0	0
96N0280	0	0	1	0	0	0	0	0	0	1	2	0	1	0	1	0	0	0	2	2	0	0	1	0	0	1	1	1	2	2	1	0	2	0	0	0	0	0	0	0	0	0	0	0	1	0	2	0	0	1	0	1	0	0	0	0	1	1	0	0	0	0	0	0	0	0	0	0	1	0	2	0	1	0	1	1	1	1	0	0	1	0	0	0	0	0	2	0	0	0	2	1	0	0	0	0	1	0	0	0	0	0	0	0	0	0	1	0	0	0	0	0	0	0	0	0	0	0	0	2	0	0	2	0	1	0	1	0	0	2	1	0	0	0	0	0	0	2	0	0	0	0	0	0	0	0	0	0	0	0	0	1	0	0	0	2	0
96N0281	1	0	2	0	0	1	0	0	0	1	0	0	0	0	2	0	0	0	2	0	1	0	0	0	0	0	0	0	0	2	1	0	2	0	0	0	0	2	0	0	0	0	0	0	0	0	2	0	0	0	1	0	0	0	0	0	1	0	0	0	0	0	0	0	0	0	1	0	0	0	0	0	2	1	1	2	0	0	0	0	0	1	0	0	0	0	2	0	0	1	2	0	0	0	0	0	0	0	0	0	0	0	0	0	0	0	0	0	0	0	0	0	1	0	0	0	0	0	0	2	0	0	1	1	0	0	0	1	0	1	1	0	0	0	0	0	1	1	0	0	0	0	0	0	0	0	0	0	0	0	0	0	0	0	1	0	0
96N0282	0	0	1	0	0	1	0	0	0	2	0	1	0	0	2	0	0	0	0	1	0	0	0	0	0	0	0	0	2	1	1	0	2	1	0	1	0	2	0	0	1	0	0	0	0	0	2	1	0	0	0	1	0	0	0	1	2	0	0	0	0	2	0	0	2	0	2	0	1	0	0	1	2	2	1	1	0	0	0	0	0	2	0	0	0	0	2	0	0	1	1	0	0	1	0	0	1	0	0	0	0	0	0	0	0	0	1	0	0	0	0	0	1	0	0	0	0	0	0	2	0	0	0	0	1	0	0	0	0	0	1	0	0	0	0	0	0	1	1	0	0	0	0	0	0	0	0	0	2	NA	0	0	0	0	0	0	0
96N0283	1	1	0	0	0	0	0	0	0	1	2	0	0	1	0	1	1	0	2	0	0	0	2	0	1	1	0	0	0	1	1	0	2	1	0	0	0	1	0	0	0	1	0	0	1	0	1	0	0	1	0	0	1	0	0	0	0	0	0	0	0	2	1	0	0	0	0	0	0	1	0	0	1	0	0	0	0	0	1	0	0	2	0	1	0	0	2	0	0	0	1	1	0	0	0	0	0	0	1	1	0	0	0	0	0	0	1	0	0	0	0	0	0	0	0	0	0	1	0	2	0	0	0	0	0	0	0	0	0	0	2	0	0	0	1	0	1	2	0	0	0	0	0	0	0	0	0	1	0	0	0	0	0	0	0	0	0
96N0284	0	1	1	0	0	1	1	0	1	2	2	0	0	1	2	0	0	0	0	0	0	0	1	1	0	0	0	1	1	NA	1	0	2	0	0	1	0	1	0	1	0	0	0	0	0	0	2	1	1	0	2	1	0	0	0	0	0	0	0	0	1	0	1	1	0	1	0	0	0	0	0	1	0	1	0	2	0	0	0	0	0	1	0	0	0	0	2	0	0	0	2	1	0	0	0	0	0	1	0	0	0	1	0	0	0	1	0	0	0	0	1	1	1	0	0	0	0	0	0	2	0	0	0	1	0	0	0	0	1	1	0	0	1	0	1	0	1	1	1	0	0	0	0	0	0	0	0	0	0	0	0	0	0	0	2	1	0
96N0285	0	1	1	0	0	0	0	0	0	1	1	0	0	0	1	0	1	0	0	0	0	0	0	0	1	0	1	1	1	1	1	0	0	0	0	1	0	2	0	2	0	0	1	0	0	0	1	1	0	0	0	0	1	0	0	0	1	0	0	0	0	2	0	0	1	0	1	0	0	0	0	0	1	1	1	1	0	1	0	0	0	1	1	1	0	0	2	0	0	2	1	1	0	0	0	0	0	0	1	0	0	0	0	0	0	1	0	0	0	0	0	0	0	0	0	0	0	0	0	2	0	0	0	0	0	0	0	0	0	1	0	0	0	0	0	0	0	1	1	0	0	0	0	0	0	0	0	0	2	0	0	0	0	0	1	1	0
96N0291	0	0	1	1	0	0	0	1	0	0	2	0	0	0	1	0	0	0	0	0	1	0	1	0	0	0	0	0	0	2	0	0	1	0	0	0	0	1	0	1	0	1	0	0	0	0	2	0	0	0	0	1	1	0	1	0	1	1	0	0	0	0	0	0	0	0	1	1	1	0	0	0	1	1	2	0	0	0	1	0	0	1	0	0	0	0	2	0	0	1	0	0	0	1	0	0	0	0	0	0	0	0	0	0	0	0	2	0	0	0	1	0	1	0	0	0	0	1	0	2	0	1	0	0	0	0	0	0	0	1	1	0	0	0	0	0	0	2	0	0	0	0	0	0	2	0	0	0	1	0	0	1	0	0	0	0	0
96N0299	0	0	0	0	0	0	0	0	0	2	0	0	0	0	2	1	1	0	2	0	0	0	0	0	1	0	0	1	2	1	0	0	2	1	0	2	0	1	0	0	0	1	0	0	0	0	2	2	0	0	0	0	0	0	0	0	2	0	0	0	0	0	0	0	2	0	1	0	0	0	0	0	1	0	0	2	0	0	0	0	0	2	0	0	0	0	2	0	0	0	2	0	0	0	0	0	0	0	0	0	0	1	0	0	0	0	1	0	0	0	1	0	0	0	0	0	0	0	0	2	0	0	0	0	0	0	0	1	0	0	1	0	1	0	1	0	1	2	2	0	0	0	0	0	0	0	0	0	0	0	0	0	0	0	0	0	0
96N0300	0	0	1	0	0	1	0	0	0	1	1	0	0	0	2	0	0	0	2	0	0	0	1	0	0	0	0	1	2	0	1	0	2	0	0	1	0	0	0	0	0	0	0	0	0	0	2	0	0	0	2	0	1	0	0	0	1	0	0	0	1	0	1	0	1	0	1	0	0	0	0	0	2	0	0	2	0	0	0	0	0	2	1	0	0	0	2	0	0	0	1	0	0	0	0	0	0	1	0	0	0	0	0	0	0	0	2	1	0	0	2	0	0	0	0	0	0	0	0	2	1	0	1	0	0	0	0	0	0	0	0	0	0	0	0	0	1	2	1	1	0	0	0	0	0	0	0	0	0	0	0	0	0	0	0	0	0
01N4476	0	2	2	0	0	0	0	0	1	1	0	1	0	0	1	0	0	0	2	2	0	0	0	2	0	0	0	1	2	1	2	0	2	0	0	2	0	2	0	0	1	0	0	0	0	0	2	1	0	0	2	0	0	0	0	0	0	0	0	0	0	0	0	2	2	0	0	0	0	2	0	0	2	0	0	2	0	0	0	0	0	2	0	1	1	0	2	0	0	1	1	2	0	0	1	0	2	0	2	1	0	0	1	0	1	2	2	0	1	0	0	0	0	1	0	0	0	0	0	2	0	0	0	2	2	0	0	0	0	0	1	0	0	0	1	0	0	0	2	0	0	0	1	0	1	1	0	1	2	0	0	0	0	0	0	2	0
01N4477	0	0	2	0	0	0	0	0	1	1	0	0	0	0	2	0	0	1	0	1	0	0	2	1	0	0	1	0	2	2	0	0	1	0	0	2	0	2	0	0	0	0	0	0	0	0	2	0	0	0	1	0	0	0	0	0	1	0	0	0	0	0	1	2	2	0	1	0	0	1	0	0	2	0	0	2	0	0	0	0	0	2	0	0	0	0	1	0	2	2	0	1	1	0	0	0	1	1	1	0	0	0	0	2	1	1	1	1	2	0	1	0	0	0	0	0	0	1	0	1	0	0	0	0	1	0	0	0	0	0	1	0	0	0	0	0	0	0	2	0	0	0	0	0	0	0	1	0	0	1	0	0	0	0	0	1	0
02N1415	1	0	0	0	0	0	0	0	1	0	0	0	1	0	2	0	1	0	0	2	0	0	1	2	0	0	0	1	0	1	1	0	2	0	0	2	0	2	0	1	0	0	0	0	0	0	2	2	1	0	0	0	1	0	0	0	0	0	0	1	0	0	0	2	2	0	0	0	0	2	0	0	2	0	0	2	0	0	0	0	0	2	0	1	0	0	2	0	2	2	1	0	0	0	1	0	0	1	0	0	0	0	2	1	0	2	1	2	2	0	1	0	0	1	0	1	0	0	1	1	0	0	0	0	0	0	0	0	0	1	0	0	0	0	2	0	0	0	2	0	0	0	1	0	0	1	0	1	0	0	0	1	1	0	1	2	0
02N1416	2	0	0	0	0	0	0	0	1	1	0	1	0	0	2	0	0	0	0	2	0	0	0	2	0	2	0	1	1	1	2	0	2	0	1	2	0	2	0	0	0	1	0	0	0	0	2	1	0	0	1	0	0	0	1	0	1	0	0	0	0	0	0	2	2	0	0	0	0	2	0	0	2	0	0	2	0	0	0	0	0	1	0	2	1	0	2	0	1	2	1	0	0	0	0	0	2	0	2	0	0	0	0	1	0	1	0	0	2	0	2	0	0	1	0	1	0	0	1	2	1	0	0	2	2	0	0	2	0	1	0	1	0	0	1	1	1	0	2	0	0	0	0	0	1	0	0	2	1	0	1	0	0	1	0	1	0
02N1417	1	1	0	0	1	0	0	0	2	1	0	0	0	0	1	0	0	0	1	2	0	0	0	2	0	0	0	1	1	0	2	0	2	0	0	2	0	1	0	1	1	0	0	0	0	0	2	0	0	0	0	1	0	0	0	0	0	0	0	0	0	0	0	2	2	0	0	0	0	2	0	0	2	0	0	2	0	0	0	0	0	1	0	0	0	1	1	0	1	0	1	0	0	0	0	0	2	0	2	2	0	0	0	1	0	1	1	0	2	0	1	1	0	0	0	0	0	1	0	2	0	0	0	1	2	0	0	1	0	1	1	0	1	0	1	0	1	0	2	1	0	0	0	0	1	0	0	2	0	0	1	0	0	0	2	1	0
02N1418	2	1	2	0	0	0	0	0	0	1	0	0	0	0	2	0	0	0	NA	2	0	1	1	2	0	0	0	0	2	1	1	0	2	0	0	2	0	2	0	0	1	0	0	0	0	0	2	1	0	0	1	0	0	0	0	0	0	0	0	0	0	0	1	2	2	0	0	0	0	1	0	0	1	0	0	2	0	0	0	0	0	2	0	2	0	0	2	0	2	2	1	0	0	0	2	0	1	2	1	0	0	0	0	2	1	2	2	0	2	0	0	0	0	0	0	0	0	2	0	1	0	0	0	0	1	0	0	0	0	0	1	1	0	0	1	1	1	0	2	1	0	1	0	1	0	2	1	0	0	1	0	0	1	0	1	0	0
02N1419	1	1	1	0	0	0	0	0	2	0	0	0	0	0	2	0	0	0	0	2	0	0	0	2	0	0	0	0	0	NA	0	0	1	0	0	2	0	1	0	1	1	0	0	0	0	0	2	1	0	0	0	1	0	0	0	0	0	0	0	0	0	0	0	2	2	0	0	0	0	1	0	0	1	1	0	2	0	0	0	0	0	2	0	1	0	0	2	0	2	2	1	2	0	0	1	0	2	0	1	0	0	0	0	1	1	1	1	0	2	0	0	0	0	0	1	0	0	1	0	2	1	0	0	2	2	0	0	1	0	1	1	0	0	0	2	1	1	0	2	0	0	0	1	0	0	0	1	1	0	1	0	2	0	0	0	1	0
02N1420	2	2	2	0	0	0	0	0	0	0	0	0	0	0	2	0	0	0	2	0	0	0	0	0	0	0	0	2	0	0	0	0	0	0	0	0	0	2	0	0	1	0	0	0	0	0	2	0	0	0	0	1	2	0	0	0	0	0	2	0	0	0	2	2	0	0	0	0	0	2	0	2	2	0	0	2	0	0	1	0	0	2	0	2	0	0	0	0	0	2	0	NA	0	0	NA	0	NA	0	2	2	0	0	0	0	0	0	2	2	0	0	0	0	0	0	2	0	0	0	0	0	0	NA	0	0	0	0	0	0	0	0	2	0	0	0	2	0	0	0	2	0	0	0	0	1	0	2	0	0	0	0	2	0	0	0	2	2	0
02N1421	2	2	0	0	0	0	1	0	0	0	0	1	0	0	2	0	0	0	2	2	0	0	0	1	1	0	0	0	0	1	2	0	2	0	0	1	0	2	0	1	0	1	0	0	0	0	2	0	0	0	0	0	0	0	0	0	0	0	0	0	0	0	0	1	1	0	0	0	0	1	0	0	2	0	0	2	0	0	0	0	0	1	0	1	1	0	1	0	2	1	1	0	0	0	0	0	1	1	1	0	0	0	0	2	0	2	1	0	2	0	1	2	1	0	1	0	0	1	0	1	0	0	0	0	1	0	0	0	0	0	0	0	1	0	1	0	0	1	1	0	0	0	1	0	0	2	0	1	0	0	0	0	0	0	0	1	0
02N1422	2	2	2	0	0	0	0	0	1	1	0	2	0	0	1	0	0	0	2	0	0	0	1	2	0	0	0	2	2	1	0	0	2	0	0	2	0	2	0	0	0	1	0	0	0	0	2	0	0	0	2	0	0	0	0	0	0	0	0	0	0	0	1	2	2	0	0	0	0	2	0	0	2	0	1	2	0	0	2	0	0	2	0	1	0	0	2	0	1	2	2	1	0	0	0	0	1	0	1	2	0	0	0	0	0	2	1	1	2	0	0	0	0	1	1	0	0	0	0	2	0	0	1	0	1	1	0	0	0	1	0	0	0	0	1	0	0	0	2	1	0	0	1	0	1	2	0	1	1	0	0	0	0	0	1	2	0
97N6629	1	1	2	0	0	0	0	0	1	0	0	0	0	0	1	0	0	0	0	1	0	0	1	2	0	0	1	0	1	1	0	0	2	0	0	2	0	1	0	1	0	0	0	0	0	0	2	0	0	0	2	0	0	1	0	0	0	0	0	0	0	0	0	2	2	0	0	0	0	2	0	0	1	0	0	2	0	0	0	0	0	1	0	2	0	0	2	0	2	2	0	0	0	1	1	0	1	0	1	0	0	0	1	2	0	2	0	0	2	0	1	0	0	0	0	0	0	2	0	1	1	0	0	2	1	0	1	0	0	0	1	1	1	0	1	1	0	0	2	0	0	0	1	1	1	2	0	1	1	0	0	1	1	0	1	1	0
97N6628	0	1	2	0	0	0	0	0	1	0	0	0	0	0	NA	0	0	0	2	2	0	0	0	2	0	0	0	1	0	0	1	0	2	0	0	2	0	2	0	0	0	0	0	0	0	0	2	0	0	0	0	0	0	0	0	0	0	0	0	0	0	0	0	2	2	0	0	0	0	2	0	0	1	0	0	2	0	0	0	0	0	1	0	2	0	0	2	0	2	0	2	0	0	0	0	0	2	2	2	1	0	0	0	0	0	2	1	1	2	0	0	0	0	2	0	0	1	1	0	1	0	0	0	2	2	0	0	0	1	0	2	0	1	0	2	0	1	0	2	1	0	0	2	0	1	1	0	1	1	1	0	0	0	0	2	0	1
06N35383	0	0	0	0	0	0	0	0	0	0	1	0	0	0	1	0	1	0	2	0	0	0	0	1	0	0	0	0	2	0	0	0	2	0	1	1	0	1	0	0	1	1	0	0	0	0	2	1	1	0	0	0	2	0	0	1	2	0	0	0	0	0	0	1	1	0	2	0	0	0	1	0	1	1	0	1	0	0	0	0	0	2	0	0	0	0	2	0	0	2	1	2	1	0	0	0	0	0	0	1	0	0	0	0	0	0	0	0	0	0	0	2	1	0	0	0	0	0	0	2	0	0	2	0	0	0	1	0	0	1	0	0	0	0	0	0	1	0	1	0	1	0	0	0	0	0	0	0	0	0	1	0	0	0	0	0	0
09N17890	0	0	2	0	0	0	0	1	0	1	2	0	1	1	1	0	0	0	0	0	0	0	0	0	0	0	1	1	1	1	1	0	1	0	1	0	0	1	1	0	0	0	0	1	0	0	2	2	0	1	2	1	1	0	0	2	2	1	1	0	0	2	0	0	0	0	2	0	0	0	0	0	1	0	0	0	0	0	0	0	0	1	1	0	0	0	2	0	0	0	1	1	0	0	0	0	0	0	0	0	0	0	0	0	0	0	1	0	0	0	1	1	0	0	0	0	0	0	0	2	0	0	0	0	0	0	0	0	0	0	0	0	0	0	0	0	1	1	0	0	1	0	0	0	0	0	0	0	1	2	0	0	0	0	0	0	0
09N18315	0	0	0	0	1	0	0	0	0	0	2	0	0	0	2	1	1	0	0	0	0	0	0	0	1	1	0	1	2	1	1	0	2	0	0	0	1	1	0	0	1	0	0	0	1	0	2	1	0	1	2	0	1	1	0	0	2	0	0	0	0	2	0	0	0	0	2	0	0	0	1	0	2	0	0	0	1	0	0	0	0	2	0	0	0	0	2	0	0	1	1	0	0	0	0	0	0	0	0	0	0	0	0	0	0	0	0	0	0	0	1	1	0	2	0	0	0	0	0	1	0	0	0	0	0	0	0	0	0	0	1	0	0	0	0	0	2	2	0	0	2	0	0	0	1	0	0	0	1	0	0	0	0	0	0	1	0
10N16477	0	0	1	0	0	0	0	0	0	1	2	0	0	0	2	0	2	0	2	0	0	0	0	0	0	0	2	0	0	1	1	0	1	1	1	0	0	1	0	1	0	0	0	1	1	0	2	2	0	1	0	1	0	1	0	0	2	1	0	0	1	0	0	0	0	0	2	0	0	0	0	0	2	1	0	0	0	0	0	0	0	2	0	0	0	0	2	0	0	0	0	1	1	0	0	0	0	1	0	1	0	0	0	0	0	0	0	0	0	0	1	1	0	0	0	0	0	0	0	1	0	0	1	0	0	0	0	0	0	2	1	0	0	0	0	0	2	2	0	0	0	0	0	0	0	0	0	0	0	0	0	1	0	0	0	0	0
10N16478	0	0	2	1	0	0	0	1	0	1	2	0	0	0	2	1	0	0	2	0	1	0	0	0	0	0	1	0	1	1	0	0	2	0	0	0	0	1	0	1	0	0	1	0	0	0	1	1	0	0	1	0	0	0	0	2	2	0	0	1	0	0	0	0	0	1	2	1	0	0	0	0	2	1	0	0	1	0	0	0	0	2	1	0	0	0	2	0	1	1	0	0	0	0	0	0	0	0	0	1	0	1	0	0	0	0	0	0	0	1	0	1	0	0	0	0	0	0	0	2	0	0	0	0	0	0	0	0	0	1	0	0	0	0	0	0	0	2	0	0	1	0	0	0	0	0	0	0	1	0	1	0	0	0	0	0	0
02N1139	0	0	0	1	0	0	0	1	1	1	2	1	0	0	2	0	0	0	1	0	1	0	0	0	1	0	1	0	2	0	1	0	2	1	1	0	0	0	1	0	0	0	0	0	0	0	2	1	0	0	1	1	0	0	2	1	1	0	0	0	0	0	0	0	0	0	2	1	1	1	0	0	0	1	0	0	0	0	0	0	0	1	0	0	0	0	2	0	0	1	0	0	0	1	0	0	0	0	0	0	0	0	0	0	0	0	1	0	0	0	1	1	0	0	0	0	0	0	1	2	0	0	1	0	0	0	0	0	0	1	2	0	0	0	0	0	1	1	0	0	0	0	0	0	0	0	0	1	0	1	1	0	0	0	0	0	0
02N1140	0	0	1	0	0	1	0	0	1	1	2	0	0	2	2	0	0	0	2	0	0	0	1	0	1	1	0	0	2	NA	1	0	1	0	0	0	0	1	0	1	0	0	0	0	0	0	2	1	1	0	0	1	0	0	1	1	1	0	0	0	0	0	0	0	0	0	1	0	1	1	0	0	1	0	1	0	0	0	0	1	0	1	0	0	0	0	2	0	1	1	1	0	1	0	0	0	0	0	1	0	0	1	0	0	0	1	0	0	0	1	0	1	0	0	0	0	0	0	0	2	0	1	0	0	0	0	0	0	0	1	0	0	0	0	0	0	1	2	0	0	0	0	0	0	0	0	0	1	2	0	0	0	0	0	0	0	0
03N4284	0	0	1	0	0	0	0	1	0	0	2	0	0	0	2	0	1	0	0	0	0	0	0	0	0	0	1	1	0	0	1	0	2	0	0	0	0	1	0	0	0	0	0	1	0	0	2	1	0	0	0	0	0	1	2	1	2	1	0	0	0	0	0	0	0	0	2	0	0	2	0	0	0	1	0	0	0	1	0	0	0	0	0	0	0	0	2	0	0	1	0	1	0	0	0	0	0	0	0	1	0	2	0	0	0	0	1	1	0	0	0	0	0	0	0	0	0	0	0	2	1	0	1	0	0	0	1	0	0	1	0	0	0	0	0	0	1	2	0	0	1	0	0	0	0	0	0	1	1	0	0	0	0	0	0	1	0
03N6131	0	0	1	1	0	0	0	0	0	2	2	0	0	0	0	0	1	0	2	0	1	0	0	0	0	0	1	0	2	1	0	0	2	0	0	0	0	0	0	0	0	0	0	0	0	0	2	1	0	0	0	0	0	0	0	0	1	0	0	0	0	1	1	0	0	0	1	1	0	0	0	0	1	1	0	0	0	0	1	1	0	2	0	0	0	0	2	0	1	1	0	1	0	0	0	0	0	0	0	0	0	0	0	0	0	0	1	0	0	0	0	1	0	0	0	0	0	0	0	1	0	0	2	0	0	0	0	0	0	1	0	0	0	0	1	0	1	1	0	0	0	0	0	0	2	0	0	0	1	0	0	0	0	0	0	0	2
03N6132	0	2	2	1	2	0	1	0	0	0	1	0	0	0	2	0	0	1	0	0	1	0	0	0	1	0	0	0	2	1	1	0	2	0	0	1	1	1	0	0	0	0	1	0	0	0	2	0	0	0	1	1	2	0	1	2	1	0	0	0	0	0	0	0	1	0	1	1	1	0	0	0	0	0	0	1	0	0	0	0	0	1	2	0	0	0	2	0	0	2	2	1	0	1	0	0	0	0	0	0	0	0	0	0	0	0	0	0	0	1	0	1	0	0	0	0	0	0	0	2	0	0	0	0	0	0	0	0	0	0	2	0	0	0	0	0	1	2	1	0	0	0	0	0	0	0	0	0	0	0	1	0	0	0	0	0	0
04N7586	0	0	1	0	0	0	0	2	0	1	2	0	0	0	2	0	0	0	2	0	0	0	0	0	1	1	0	0	2	1	0	0	2	0	0	0	0	0	0	0	1	0	0	1	1	0	2	1	0	0	2	1	1	1	0	2	1	1	0	0	0	0	1	0	0	0	1	1	0	0	0	0	2	0	0	0	0	0	0	0	0	1	0	0	0	0	1	0	0	1	1	0	1	0	0	0	0	0	0	1	0	0	0	0	0	0	0	0	0	0	0	0	0	0	0	0	0	0	0	2	0	0	0	0	0	0	0	0	0	1	0	0	0	0	1	0	1	1	0	0	0	0	0	0	1	0	0	0	0	0	1	0	0	0	0	0	0
04N7587	0	0	1	0	0	1	1	1	0	2	1	0	0	1	1	0	1	0	1	0	0	0	0	0	1	0	1	1	2	1	0	0	2	1	1	0	0	0	0	1	0	0	0	2	0	0	2	1	0	1	1	0	0	0	1	0	2	0	0	0	0	0	1	0	0	0	2	0	0	0	0	0	1	1	0	0	0	0	0	0	0	1	0	0	0	0	2	0	0	1	0	0	0	0	0	0	0	0	0	0	0	0	0	0	0	0	0	0	0	0	0	0	0	0	0	0	0	0	0	2	0	1	1	0	0	0	0	0	0	0	1	0	0	0	0	0	1	1	0	0	1	0	0	0	0	0	0	0	2	1	0	0	0	0	0	0	0
04N7588	0	0	1	0	0	1	1	1	0	2	1	0	0	1	1	0	1	0	1	0	0	0	0	0	1	0	1	1	2	1	0	0	2	1	1	0	0	0	0	1	0	0	0	2	0	0	2	1	0	1	1	0	0	0	1	0	2	0	0	0	0	0	1	0	0	0	2	0	0	0	0	0	1	1	0	0	0	0	0	0	0	1	0	0	0	0	2	0	0	1	0	0	0	0	0	0	0	0	0	0	0	0	0	0	0	0	0	0	0	0	0	0	0	0	0	0	0	0	0	2	0	1	1	0	0	0	0	0	0	0	1	0	0	0	0	0	1	1	0	0	1	0	0	0	0	0	0	0	2	1	0	0	0	0	0	0	0
05N5632	0	1	1	0	0	0	1	2	0	0	2	0	0	0	2	0	0	0	2	0	0	0	0	0	1	1	1	0	1	1	1	0	2	0	0	0	0	1	0	0	0	0	0	0	1	0	2	1	0	2	0	0	1	1	1	1	1	0	0	0	0	0	0	0	0	1	1	0	0	0	1	0	2	0	1	0	1	0	1	0	0	2	0	0	0	0	2	0	1	1	1	0	0	0	0	0	0	1	0	0	0	0	0	0	1	0	1	0	0	0	0	2	0	0	0	0	0	0	0	1	0	0	1	0	0	0	0	0	0	1	0	0	0	0	0	0	1	2	0	0	0	0	0	0	0	0	1	0	0	0	1	0	0	0	0	0	0
09N17508	0	0	1	0	1	0	1	0	1	1	2	0	0	0	2	0	0	0	2	0	0	0	0	0	1	0	0	0	2	1	1	0	2	0	0	0	0	0	0	1	0	0	0	0	0	0	1	1	0	0	1	0	0	1	1	1	2	0	0	1	0	1	0	0	0	0	2	0	1	0	0	0	1	0	0	0	0	1	0	0	0	2	0	0	0	0	2	0	0	0	0	0	0	0	0	0	0	0	0	0	0	0	0	0	0	0	0	0	0	0	0	0	0	0	0	0	0	0	0	1	0	0	1	0	0	0	0	0	0	1	2	0	0	0	0	0	2	2	0	0	1	0	0	0	0	0	0	0	1	0	0	1	0	0	0	0	0
97N6283	0	0	0	2	1	1	1	1	0	0	1	0	1	1	2	0	0	0	1	0	2	0	0	1	2	0	0	0	0	1	1	0	1	2	0	1	2	0	0	0	0	1	0	2	0	0	2	1	0	0	0	0	1	0	0	1	2	1	0	0	0	0	1	1	1	0	2	2	0	1	0	0	0	1	0	1	0	0	0	0	0	2	1	0	0	0	2	0	0	1	0	0	1	0	0	0	0	0	1	0	1	1	0	0	0	0	1	0	0	0	0	1	0	0	0	0	0	1	0	1	0	0	0	0	0	0	0	0	0	2	1	0	0	0	0	0	2	1	1	1	0	0	0	0	0	0	0	0	2	0	1	0	0	0	0	1	0
97N6284	0	0	0	2	0	1	0	0	0	2	1	0	1	0	2	0	0	0	1	0	2	0	0	1	0	0	0	1	1	NA	0	0	1	1	0	1	2	0	0	0	0	0	1	1	0	0	2	2	0	0	0	0	1	0	0	1	2	1	0	1	0	0	1	1	1	0	2	2	0	0	0	0	1	0	0	2	0	0	0	0	0	0	0	0	0	0	2	0	0	0	0	0	1	0	0	0	0	0	0	0	0	0	0	0	0	0	0	0	0	0	1	2	0	0	0	0	0	0	0	2	0	0	0	0	0	0	0	0	0	2	0	0	0	0	0	0	2	1	1	0	1	0	0	0	0	0	0	0	0	0	0	0	0	0	0	0	0
07N28554	2	1	1	0	0	0	0	0	0	1	0	0	0	0	2	0	0	0	0	2	0	0	2	2	0	1	0	0	0	2	0	0	2	0	0	2	0	2	0	1	0	0	0	1	0	0	1	1	0	0	1	1	0	0	1	0	0	1	0	0	0	0	1	2	2	1	0	0	0	2	0	1	2	0	0	2	1	0	1	0	0	1	0	1	1	1	2	0	2	2	2	0	0	0	0	0	2	1	1	0	0	0	1	2	1	0	1	0	2	0	1	0	0	2	0	0	0	1	2	2	1	0	0	2	2	0	0	0	0	0	1	0	0	0	2	0	0	0	2	0	0	0	0	0	0	0	1	2	0	0	0	0	0	0	1	1	1
07N28571	1	1	1	0	0	0	0	0	1	1	0	1	0	0	2	0	0	0	0	0	0	0	1	1	0	0	0	0	2	2	1	0	2	0	0	2	0	2	0	1	1	0	0	0	0	1	2	0	0	0	1	0	1	0	0	0	0	0	0	1	0	0	0	2	2	0	0	0	0	2	0	0	1	1	2	2	0	0	0	0	0	1	0	1	1	0	1	0	1	2	1	0	0	0	2	0	1	0	1	0	0	0	0	1	1	2	1	1	2	0	0	0	0	2	0	0	1	1	0	1	0	0	0	0	1	0	1	0	0	2	0	1	0	0	2	1	0	0	2	0	0	0	0	0	1	2	0	2	0	0	0	1	2	1	2	2	1
07N28591	0	0	2	0	0	0	0	0	1	0	0	0	0	0	2	0	0	0	0	2	0	0	0	2	0	0	0	1	2	1	0	0	1	1	1	2	0	2	0	0	0	0	0	0	0	1	2	1	0	0	1	0	1	0	0	0	0	0	0	1	0	0	0	2	2	0	0	0	0	2	1	0	2	1	1	2	0	0	0	0	0	1	0	0	1	0	1	1	2	1	1	1	0	0	2	0	2	1	0	0	0	0	0	1	0	1	2	0	2	1	1	0	0	0	0	0	0	1	0	1	0	0	2	0	2	0	0	0	0	2	1	0	1	0	0	1	0	0	2	0	0	0	0	0	0	0	0	0	0	0	0	0	1	0	2	1	0
07N28640	1	0	2	0	0	0	0	0	0	0	0	2	0	0	2	0	1	0	2	0	0	0	0	2	0	0	0	1	1	0	1	0	2	0	0	2	0	1	0	0	0	0	0	0	0	0	2	1	0	0	1	0	0	0	1	1	0	1	0	0	0	0	2	2	2	0	0	0	0	2	0	0	1	1	0	2	0	0	1	0	0	2	1	1	0	0	2	1	2	1	1	1	0	1	0	0	1	0	2	1	0	0	0	1	0	0	1	0	2	0	0	0	0	0	0	0	0	0	0	0	1	0	1	2	1	0	0	0	0	2	1	0	0	0	0	0	1	0	2	0	0	1	1	0	0	0	1	2	1	1	0	1	2	0	0	1	1
07N28922	2	1	1	0	0	0	0	0	1	1	1	0	0	0	2	0	0	0	2	2	0	0	0	2	0	0	0	0	2	0	2	0	2	0	0	1	0	2	0	0	0	0	0	0	0	0	2	0	0	0	0	1	1	0	0	0	0	1	0	0	0	0	0	1	1	0	0	0	0	2	1	0	2	0	0	2	0	0	0	0	0	1	0	2	2	0	2	2	1	2	1	1	0	0	1	0	2	0	0	0	0	1	0	1	0	2	2	0	2	0	1	0	0	0	1	0	0	0	1	0	1	0	0	2	2	0	0	0	0	0	0	0	0	0	1	0	0	0	1	0	0	1	1	0	1	2	0	0	0	0	0	0	0	0	2	1	1
08N21408	0	1	1	0	0	0	0	0	2	0	0	0	0	0	2	0	0	0	0	2	0	0	1	2	0	0	0	1	2	1	1	0	1	0	0	2	1	1	0	1	0	0	0	0	0	0	2	1	0	0	1	0	0	0	0	1	0	1	0	0	0	0	2	2	2	0	0	0	0	2	0	0	0	0	0	2	1	0	0	0	0	1	0	2	0	0	1	0	2	1	1	0	0	0	1	0	1	0	1	2	0	0	0	1	0	2	1	0	2	0	0	0	0	0	1	0	0	0	0	1	1	0	1	2	1	0	1	1	0	1	1	1	1	0	0	1	0	0	2	0	0	0	1	1	0	1	0	1	1	0	0	1	0	0	1	0	1
08N21409	0	0	2	0	0	0	0	0	1	1	0	1	0	0	2	0	0	0	1	2	0	0	1	1	0	0	0	0	1	1	2	0	0	0	0	2	0	1	0	0	0	0	1	0	0	0	2	1	1	0	2	1	1	0	1	0	0	0	0	0	0	0	2	2	2	0	0	0	0	2	0	0	1	1	0	2	0	0	0	0	0	2	0	2	0	0	1	0	2	1	1	0	1	1	0	0	1	0	2	0	0	0	0	1	0	2	1	0	2	0	0	0	0	1	0	0	0	0	0	1	1	0	1	2	2	0	0	0	0	0	1	0	2	0	1	0	1	0	2	0	0	0	0	0	0	1	0	0	1	0	0	1	0	0	1	1	1
08N21430	0	1	1	0	0	0	0	0	0	2	0	0	0	0	2	0	0	0	0	2	0	0	1	1	0	1	0	2	1	1	0	0	2	0	0	1	0	1	0	0	1	0	0	1	0	2	1	0	0	0	0	1	1	0	0	0	0	0	0	0	0	0	1	1	1	0	1	0	0	2	0	0	2	0	0	1	0	0	0	0	0	2	0	2	0	0	1	1	2	2	1	1	0	0	0	0	1	1	2	0	0	0	0	1	0	2	2	2	2	0	1	0	0	0	0	0	0	0	1	1	0	0	0	0	1	1	0	0	0	0	2	0	0	0	1	0	1	0	1	0	0	0	1	0	0	2	0	1	0	0	0	1	0	0	0	2	0
08N21435	0	1	0	0	0	0	0	0	0	1	0	0	0	0	1	0	0	0	0	1	0	0	0	2	0	0	0	1	1	2	1	0	2	0	0	2	0	2	0	0	0	0	0	1	0	0	1	2	0	0	0	1	0	0	1	0	1	0	0	0	0	0	0	2	2	0	1	0	0	1	0	0	1	1	1	2	0	0	0	1	0	1	1	0	1	0	2	0	1	2	0	0	1	0	0	0	1	0	0	1	0	0	0	1	0	1	2	0	2	0	0	1	1	1	0	0	0	1	0	1	1	1	1	0	1	0	1	0	0	2	1	0	0	0	1	0	1	0	2	0	0	0	0	0	0	0	0	1	0	0	0	0	0	0	0	0	0
08N21446	2	1	1	0	0	0	0	0	0	1	0	0	0	0	2	0	0	0	0	2	0	0	2	2	0	1	0	0	0	2	0	0	2	0	0	2	0	2	0	1	0	0	0	1	0	0	1	1	0	0	1	1	0	0	1	0	0	1	0	0	0	0	1	2	2	1	0	0	0	2	0	1	2	0	0	2	1	0	1	0	0	1	0	1	1	1	2	0	2	2	2	0	0	0	0	0	2	2	1	0	0	0	1	2	1	0	1	0	2	0	1	0	0	2	0	0	0	1	2	2	1	0	0	2	2	0	0	0	0	0	1	0	0	0	2	0	0	0	2	0	0	0	0	0	0	0	1	2	0	0	0	0	0	0	1	1	2
08N21938	1	2	2	0	0	0	0	0	0	1	1	0	0	0	2	0	0	1	0	2	0	0	1	1	0	0	0	1	2	NA	1	0	2	0	0	1	0	2	0	0	0	0	0	0	0	0	2	0	0	0	0	0	0	0	0	0	0	0	0	0	0	0	0	1	1	0	0	0	0	2	0	0	2	0	0	1	0	0	1	0	0	2	0	2	0	1	1	0	1	2	1	0	0	0	1	0	1	0	2	2	0	0	0	0	0	1	1	1	2	0	0	0	1	0	0	0	0	1	0	1	0	0	1	2	1	0	0	0	1	1	0	0	0	0	0	0	1	1	1	0	0	0	1	0	1	2	1	1	0	0	0	0	0	1	1	1	0
7040	2	1	2	0	0	0	0	0	0	1	0	2	0	0	2	0	1	0	1	2	0	0	2	2	0	0	0	1	1	0	0	0	0	0	0	2	0	2	0	1	1	1	0	0	0	0	2	0	0	0	1	0	1	0	0	1	0	0	0	0	0	1	1	2	2	0	0	0	0	2	0	0	1	0	0	2	0	0	0	0	0	1	0	2	1	0	2	0	2	2	0	0	0	0	1	0	2	1	1	0	0	0	0	1	1	2	1	1	1	0	1	0	0	1	1	0	0	0	1	0	2	0	0	2	2	2	0	0	0	0	0	2	1	1	2	2	0	0	2	0	0	1	1	2	0	1	0	2	0	0	0	2	1	0	0	0	0
98N3510	2	1	1	0	0	0	0	0	0	0	0	0	1	0	2	0	0	0	0	2	0	0	1	2	0	0	0	0	2	0	0	0	2	0	0	2	0	1	0	0	0	0	0	0	0	0	2	1	0	0	0	0	0	0	0	0	0	0	0	0	0	0	0	2	2	0	0	0	0	1	0	0	2	1	0	2	1	0	0	0	0	1	0	2	0	0	0	0	0	2	0	0	1	0	2	0	2	0	1	0	0	0	0	1	1	2	0	1	2	0	1	0	0	1	0	0	1	1	0	2	0	0	2	0	2	0	1	0	1	0	1	1	0	0	1	1	0	0	2	0	0	0	1	0	1	0	1	1	0	1	0	1	1	0	0	0	0
98N3517	1	1	2	0	0	0	0	0	0	0	0	1	0	0	2	0	0	0	0	2	0	0	1	2	0	0	0	0	2	0	1	0	2	0	0	2	0	2	0	0	0	0	0	0	0	0	2	0	0	0	2	0	0	0	0	0	0	0	0	0	0	0	0	2	2	0	0	0	0	2	0	0	1	1	0	2	0	1	0	0	0	1	0	2	0	0	0	0	1	2	0	0	0	0	1	0	2	0	2	0	0	0	0	0	1	2	1	1	2	0	0	0	0	1	0	0	1	1	0	1	0	0	1	0	2	0	1	0	0	1	1	2	0	0	1	2	0	0	2	0	0	1	2	0	2	0	2	1	0	1	0	0	1	1	1	0	0
98N3518	2	0	2	0	0	0	0	1	1	1	0	0	0	0	2	0	0	0	0	2	0	0	2	2	0	0	0	1	2	0	0	0	2	0	0	2	0	2	1	2	0	1	0	0	0	0	2	0	0	0	2	0	1	0	1	0	0	0	0	0	0	0	0	2	2	0	0	0	0	2	1	0	1	0	0	2	0	0	0	0	0	1	0	1	1	1	1	0	2	2	0	0	1	0	0	0	1	1	1	0	0	0	0	2	0	2	1	0	2	0	1	0	0	0	2	0	0	0	2	0	2	0	0	0	0	0	1	0	0	0	2	1	1	0	0	1	0	0	2	0	0	0	0	0	1	0	0	1	0	0	2	1	1	0	1	1	0
98N3519	1	0	1	0	0	0	0	0	2	0	0	0	0	0	1	0	0	0	2	2	0	0	0	2	0	0	1	0	2	1	0	0	1	0	0	2	0	2	0	1	2	0	0	1	0	0	2	0	0	0	1	0	0	0	0	0	0	1	0	0	0	0	1	2	2	0	0	0	0	2	0	0	0	1	0	2	0	0	0	0	0	2	0	2	0	1	2	1	2	2	0	0	2	0	1	0	2	0	1	1	0	0	0	1	0	1	1	1	2	0	1	0	0	0	0	0	1	0	1	1	1	0	2	1	2	0	0	0	0	0	1	0	0	0	1	0	0	0	2	0	0	0	2	0	2	2	1	1	0	0	0	1	0	0	0	1	1
98N3520	1	0	1	0	0	0	0	0	0	0	0	0	0	0	2	0	0	0	0	2	0	0	2	2	0	0	0	0	1	0	0	0	2	0	0	2	0	2	1	1	2	1	0	0	0	0	2	0	0	0	0	0	0	0	0	0	0	1	0	0	0	0	0	2	2	0	0	0	0	2	0	0	0	0	0	2	1	0	0	0	1	2	0	2	0	0	2	1	2	2	2	1	0	0	2	0	1	1	1	1	0	0	0	2	0	2	2	0	2	0	1	0	0	1	1	1	0	1	1	1	0	0	0	0	1	0	0	0	0	0	1	1	1	2	2	1	0	0	2	0	0	1	2	0	1	0	0	1	0	0	0	0	2	0	0	0	0
98N3521	1	2	2	0	0	0	0	0	1	0	0	1	0	0	2	0	0	0	0	2	0	0	0	2	1	0	0	0	2	0	1	0	2	0	0	2	0	2	0	1	0	0	0	0	0	0	2	1	0	0	1	0	0	0	0	0	0	0	0	0	0	0	0	2	2	0	0	0	1	2	0	0	1	1	0	2	0	1	0	0	0	2	0	2	1	0	1	0	1	2	0	0	1	0	0	0	2	0	2	0	0	0	0	0	0	2	2	0	2	0	1	0	0	0	0	0	0	0	0	1	0	0	0	0	2	0	0	0	0	1	2	1	0	0	1	1	0	0	2	0	0	1	1	0	2	0	1	1	0	0	0	0	1	1	1	0	0
00N5114	2	0	0	0	0	0	1	1	1	1	1	0	0	2	2	0	0	1	0	2	0	0	0	1	0	0	0	0	2	1	0	0	2	0	0	1	0	2	0	0	0	1	0	0	1	0	2	1	0	0	1	0	1	0	0	1	0	0	0	0	0	0	0	1	1	0	0	0	0	1	0	0	2	0	0	1	1	0	0	0	0	1	0	0	0	0	2	0	1	1	0	1	1	0	0	0	2	1	1	0	0	1	1	0	0	0	1	0	0	0	0	0	0	1	0	1	0	0	0	2	0	0	0	0	2	0	0	0	0	0	1	0	0	0	1	0	2	1	1	0	1	0	0	0	2	0	0	1	0	0	0	0	0	0	0	1	0
00N5115	1	1	0	0	0	0	0	0	0	0	2	0	0	0	1	0	0	0	2	0	0	0	0	1	0	0	0	1	2	2	0	0	2	0	0	0	0	1	0	1	0	0	0	0	0	0	2	1	NA	0	0	0	1	0	0	0	1	0	0	0	0	0	1	0	0	0	2	0	0	1	0	0	2	1	1	1	0	0	1	1	0	2	0	1	0	1	2	0	1	1	1	1	0	0	1	0	0	0	1	0	0	0	0	0	0	0	1	1	0	0	0	1	1	0	0	0	0	0	0	2	0	0	1	0	0	0	0	0	1	1	1	0	0	0	0	0	0	1	0	1	0	0	0	0	1	2	0	1	0	0	0	0	0	0	0	0	0
00N5116	0	0	0	0	0	0	0	0	0	0	0	1	1	2	1	0	0	0	0	1	0	0	0	1	0	NA	0	0	0	1	0	0	1	0	1	1	0	1	0	1	0	0	0	0	0	0	2	0	0	0	1	1	0	0	0	0	2	0	0	0	0	0	0	1	1	0	2	0	1	0	0	0	2	0	1	1	1	0	0	0	0	1	0	1	0	0	2	0	0	1	0	1	0	0	0	0	1	0	0	0	0	0	0	0	0	0	1	0	0	0	0	0	0	0	0	0	0	1	0	1	0	0	1	0	1	0	0	0	0	1	0	0	0	0	1	0	1	0	1	0	0	0	0	0	1	0	1	0	2	0	0	1	0	0	1	1	0
3101	0	0	0	0	0	1	0	0	0	1	2	0	0	0	1	1	1	0	0	0	0	0	0	0	0	NA	0	0	1	0	1	0	1	0	0	0	1	0	1	1	0	0	0	0	1	0	2	1	0	0	0	0	0	1	0	0	2	0	0	0	0	0	0	0	0	0	2	0	0	0	1	0	2	0	2	0	0	0	0	0	0	2	0	0	0	0	2	0	1	1	0	1	0	0	0	0	0	0	0	0	0	1	0	0	0	0	0	0	1	0	2	0	0	0	0	0	0	0	0	2	0	0	1	1	0	0	0	0	0	1	0	0	0	0	0	0	2	1	0	0	0	0	0	0	2	0	0	0	0	0	0	0	0	0	0	0	0
3102	0	0	1	0	0	0	0	0	0	1	0	1	0	0	2	0	1	1	2	1	0	0	0	1	0	2	0	0	2	1	0	0	2	0	0	2	0	0	0	0	1	0	0	0	0	0	1	0	0	0	0	0	0	0	1	2	2	0	0	0	1	0	0	1	2	0	2	0	1	0	0	0	0	0	0	1	0	2	1	0	0	1	0	0	0	0	2	0	2	0	1	0	0	0	0	0	1	0	1	1	0	1	0	0	0	0	1	2	0	0	0	1	0	0	0	0	0	0	0	2	0	0	0	0	1	0	1	0	0	1	1	0	0	0	0	0	1	1	1	0	0	0	0	0	1	0	0	0	1	0	1	0	0	0	0	0	0
3103	1	0	1	0	0	0	0	0	1	0	1	0	1	1	2	1	1	0	1	1	0	0	0	1	1	1	0	0	1	2	2	0	2	0	1	1	0	1	1	0	1	0	0	0	1	1	2	2	0	1	0	0	0	1	0	1	2	0	0	0	0	0	0	1	1	0	2	0	2	0	0	0	1	0	0	1	1	1	0	0	0	2	0	0	0	0	1	0	0	1	1	1	0	1	1	0	1	1	0	0	0	0	0	0	0	1	1	0	0	1	0	0	0	0	0	0	0	0	0	2	2	0	1	1	1	0	0	0	1	0	2	0	NA	0	0	0	1	1	1	0	0	0	0	0	1	0	0	0	2	0	0	0	0	0	0	0	0
3104	1	0	1	0	0	1	0	1	0	1	2	0	0	0	1	0	1	0	2	0	0	0	0	0	0	1	1	0	1	1	1	0	2	1	0	0	0	1	1	0	1	0	0	0	1	1	2	1	1	2	0	1	1	0	0	0	1	0	0	0	0	0	1	0	0	0	1	0	0	0	0	0	0	0	0	0	2	1	0	0	0	2	0	0	0	0	2	0	2	1	1	0	0	1	2	0	0	0	0	0	0	0	0	0	0	0	2	1	0	0	1	1	1	0	1	1	0	0	0	1	0	0	1	0	0	0	0	0	0	1	0	0	0	0	0	0	0	2	0	0	0	0	0	0	2	0	0	0	1	1	0	0	0	0	0	2	0
3105	0	1	0	1	1	0	0	0	0	1	1	0	0	0	2	0	1	0	1	0	1	0	0	1	1	0	1	0	2	2	2	0	2	0	0	1	0	0	0	1	0	1	0	1	0	0	2	1	0	1	0	1	0	1	1	0	2	0	0	0	2	0	1	1	1	0	2	1	0	1	0	1	2	0	2	1	1	0	0	0	1	2	0	0	0	0	2	0	0	1	0	1	0	1	0	0	0	0	1	0	0	0	0	0	0	0	0	1	0	1	0	0	1	0	0	0	0	1	0	2	0	0	0	0	0	0	0	0	0	0	0	0	0	0	0	0	1	1	1	1	1	0	0	0	1	0	0	1	0	0	1	0	0	1	0	0	0
3106	0	0	1	0	0	0	0	1	0	0	1	1	0	1	2	0	1	0	1	1	0	0	0	1	0	1	1	0	1	1	1	0	2	1	0	1	0	0	1	1	0	0	0	1	0	0	2	1	0	0	0	1	0	0	2	0	1	0	0	1	0	0	1	1	1	0	1	0	0	0	1	0	1	2	1	1	0	0	0	0	0	1	0	0	0	0	2	0	2	0	0	2	0	0	0	0	1	0	0	0	0	0	0	0	0	0	1	0	0	0	2	2	0	0	0	0	0	1	0	1	0	0	1	0	1	1	1	0	0	0	1	0	1	0	1	0	0	1	1	1	0	0	0	0	1	0	0	0	0	1	0	0	0	0	0	0	0
3107	0	1	1	0	0	1	0	0	0	0	2	0	1	0	1	0	1	0	0	0	0	0	0	0	0	0	0	0	2	0	0	0	2	0	0	0	0	1	1	0	0	0	0	1	1	1	1	1	0	1	0	0	1	0	1	0	2	0	0	1	0	0	0	0	0	0	2	0	0	0	0	0	1	1	1	0	1	0	1	0	0	1	0	0	0	0	2	0	2	0	2	2	0	0	1	0	0	0	0	1	0	0	0	0	0	1	1	0	0	0	0	1	0	0	1	0	0	0	1	1	0	0	0	0	0	1	0	0	0	1	2	0	0	0	0	0	1	1	0	0	0	0	0	0	1	0	0	0	0	1	1	0	1	0	0	1	0
3108	0	0	1	0	1	1	0	1	1	1	2	0	0	0	0	0	0	0	1	0	0	0	0	0	0	2	1	2	2	0	1	0	2	0	0	0	0	1	0	1	0	0	0	2	0	0	2	2	1	1	0	0	1	0	1	1	2	0	0	1	0	1	0	0	0	1	2	0	0	1	0	0	1	0	0	0	0	0	0	0	0	2	0	0	0	0	2	0	0	0	1	1	1	0	0	0	0	0	0	0	0	1	0	0	0	1	1	0	2	1	0	1	0	0	0	1	0	0	0	1	0	0	1	0	0	0	0	0	0	1	1	0	0	0	0	0	0	2	0	0	0	0	0	0	1	0	0	0	0	0	0	0	0	0	1	0	0
3109	0	0	0	1	0	0	0	0	0	1	1	0	1	0	1	0	0	0	0	1	1	0	0	1	0	0	0	0	2	0	1	0	2	1	0	1	1	2	0	1	1	0	0	0	0	0	2	2	0	0	0	0	1	0	1	1	1	0	0	0	0	0	0	1	1	0	1	1	0	2	1	1	1	0	0	1	0	0	0	0	0	2	0	1	0	0	2	0	2	0	0	0	0	0	1	0	0	0	2	0	0	0	0	0	0	0	0	1	1	0	0	1	0	0	0	0	0	1	0	2	0	0	1	0	0	0	0	0	0	1	1	0	0	0	0	0	1	1	1	1	0	0	0	0	1	0	0	2	1	0	0	1	0	0	0	0	0
7037	2	0	1	0	0	0	0	0	0	1	0	1	0	0	2	0	0	0	1	2	0	0	2	2	0	0	0	2	2	0	0	0	0	0	0	2	0	2	0	2	1	0	0	0	0	0	2	0	0	0	0	2	1	0	0	0	0	2	0	0	0	0	1	2	2	0	0	0	0	2	0	0	1	1	0	2	0	0	0	0	0	1	0	1	1	0	1	0	1	2	0	1	0	0	2	1	2	0	1	1	0	0	0	1	0	2	2	2	2	0	1	0	0	0	1	1	1	0	1	1	0	0	1	0	2	1	1	2	0	0	2	2	0	0	1	2	0	0	2	0	0	1	1	2	1	2	1	2	1	0	0	0	2	1	2	1	2
7042	2	0	1	0	0	0	0	0	1	0	0	0	0	0	2	0	0	0	0	2	0	0	1	2	0	0	0	2	2	0	1	0	1	0	0	2	0	2	0	2	0	0	0	0	0	0	2	0	0	0	0	1	1	0	0	0	0	0	0	0	0	0	0	2	2	0	0	0	0	2	0	0	1	0	0	2	0	0	1	0	0	1	0	2	1	2	1	0	2	2	0	1	0	0	1	0	2	0	1	1	0	0	1	2	0	1	1	1	2	0	0	0	0	1	2	0	0	1	1	0	0	0	0	1	2	2	0	1	1	0	1	NA	1	0	2	2	0	0	2	0	0	1	2	0	1	1	0	2	0	0	0	1	2	1	2	0	1
7043	2	1	1	0	0	1	0	0	1	1	0	0	0	0	0	0	0	0	0	2	0	0	2	2	0	0	0	0	0	2	0	0	2	0	0	2	0	2	0	0	1	0	0	0	0	0	2	0	0	0	0	0	0	0	0	0	0	0	0	0	0	0	0	2	2	0	0	0	0	2	0	1	2	1	0	2	0	0	0	0	0	2	0	2	2	0	0	0	1	2	0	2	0	0	2	0	2	0	2	0	0	0	0	2	1	2	2	1	2	0	0	1	0	1	1	1	1	2	0	0	0	0	0	1	2	0	1	0	1	0	2	1	1	1	2	1	0	0	2	0	0	1	1	0	1	2	0	2	1	0	0	2	1	0	1	1	2
7044	2	2	1	0	0	0	0	0	0	1	0	1	0	0	2	0	0	0	0	2	0	0	1	2	0	0	0	0	2	1	1	0	1	0	0	2	0	2	0	1	0	0	0	0	0	0	2	0	0	0	0	0	0	0	0	0	0	1	0	1	0	0	0	2	2	0	0	0	0	2	0	0	2	2	0	2	0	0	0	0	0	1	0	2	2	1	1	0	2	2	0	1	0	0	2	1	2	2	1	1	0	0	1	2	1	1	2	1	2	0	0	1	0	1	2	0	2	1	0	0	1	0	0	1	2	0	0	1	0	1	2	2	0	1	1	2	0	0	2	0	0	2	2	0	2	2	1	2	1	0	0	1	1	2	1	1	2
